88532e70.jpg,195,293,269,115,868,158,888,170,641,496,512,546,321,524
0c88a7aa.jpg,125,78,159,19,784,19,808,95,457,390
1442f41d.jpg,19,112,58,13,618,19,652,50,418,276,99,247
1b5f7f86.jpg,109,347,124,309,906,298,933,355,591,483,454,494
2cb0e816.jpg,38,230,77,193,950,198,990,245,705,469,513,484,343,443
a95f53fd.jpg,30,66,234,26,825,29,1023,15,1036,28,587,201,332,200,433,208
3bc2a5ca.jpg,6,38,151,6,902,9,1041,50,612,263,529,273,422,260
1d7454da.jpg,6,31,24,7,978,8,1033,62,1034,115,953,255,475,256,231,244
bc1afc2c.jpg,20,221,195,16,1023,9,1041,27,500,309,275,335,57,340
14992967.jpg,11,79,43,29,1012,56,1046,115,800,304,629,319,193,287
b0550902.jpg,47,121,53,102,928,44,1012,193,778,478,499,509
4cd73c04.jpg,120,249,143,216,909,233,917,266,693,395,344,396
bad83ce8.jpg,88,200,106,175,850,273,898,338,771,457,515,437
11c6a61b.jpg,9,49,42,17,1022,5,1048,57,913,236,420,250,135,225
633af56a.jpg,2,24,30,15,907,14,1036,86,801,352,674,347
29554e10.jpg,13,26,29,15,1009,62,864,61,1037,112,980,209,562,190,187,161
bca153b8.jpg,117,328,183,215,819,215,979,215,984,223,751,390,509,413,169,412
2b3cb2e7.jpg,7,57,195,8,854,10,1025,6,1040,19,774,256,519,281,332,269
3c5b1de1.jpg,47,270,208,233,870,223,1015,285,762,475,584,459,469,432
3c1d8573.jpg,14,73,46,33,666,41,683,43,682,107,589,220,305,258,248,253,123,236
70f95ac9.jpg,36,226,83,191,212,188,821,175,1001,211,635,409,314,394
13cff788.jpg,18,135,21,84,49,81,1011,49,1029,71,627,346,304,333
06395c21.jpg,41,183,53,172,893,176,946,263,633,380,372,419
69298d48.jpg,7,130,88,37,1026,30,1035,47,499,377,418,389,342,377
e8b0cc75.jpg,3,89,20,7,1042,9,1046,52,505,413,390,415
bfb292ac.jpg,17,53,45,14,1008,4,1046,24,1037,88,850,200,540,174,76,97
6b3f8d8a.jpg,37,177,95,118,981,67,997,106,880,268,493,277,95,288
477ed09b.jpg,56,200,80,142,984,214,1009,246,751,424,306,418
4996b7bc.jpg,32,113,49,92,717,117,752,187,634,296,493,312,412,296,222,275
acc99c20.jpg,12,142,57,89,524,161,681,193,274,324,179,321
33100a5b.jpg,95,231,115,181,965,181,632,427,346,438
3586dd36.jpg,8,60,33,12,1020,22,1044,57,745,323,291,321
0b31b634.jpg,16,74,36,50,862,81,1010,100,1037,138,599,360,535,364
b3d3c37e.jpg,54,196,94,166,1001,65,1013,75,591,375,524,405,445,389
edd51094.jpg,9,153,30,119,987,114,1015,159,633,473,447,493
1afff181.jpg,1,70,52,24,987,50,1026,90,884,337,493,352,181,338
145ae13e.jpg,7,30,26,7,976,10,1045,72,895,229,311,229
ddaee4aa.jpg,4,57,20,11,754,9,814,124,575,400,411,413,267,365
82f69c09.jpg,35,178,46,81,928,21,962,78,714,355,568,351,134,315
0ca843f9.jpg,1,64,2,35,22,20,758,31,909,35,925,52,533,335,360,329
aefd69bd.jpg,190,344,215,301,1044,293,1047,296,1048,342,950,383,673,408,315,421
9229a511.jpg,270,260,322,100,753,97,766,109,516,541,501,544,338,416
a82f4331.jpg,1,95,39,9,1028,14,1049,56,800,381,505,384,213,378
8f37e202.jpg,12,391,122,17,865,16,966,23,1047,108,728,452,369,558,64,604
182ec5b9.jpg,9,128,66,15,198,5,870,7,1022,19,1031,53,530,406,445,416,339,404
be6952f9.jpg,162,97,188,85,543,147,578,205,553,232,414,234,235,220
21db85f5.jpg,8,34,29,8,977,16,1037,124,836,284,541,307,368,312
bba77ba7.jpg,8,148,30,134,979,148,1031,183,707,388,566,395,433,376
81c914eb.jpg,7,70,56,16,1010,25,1038,48,693,250,493,237,200,203
81bd5469.jpg,40,150,69,85,904,57,981,170,986,291,735,551,494,529
ffbca206.jpg,2,44,29,12,1009,38,1038,97,700,373,636,381,507,369
03910800.jpg,119,33,131,3,812,164,828,194,519,401,397,384
d1305334.jpg,382,295,389,285,596,306,650,315,605,378,526,385,465,382
9354bc4e.jpg,8,157,238,124,631,120,871,77,872,157,574,316,488,328,427,308
5f7df0f7.jpg,5,69,41,5,1008,44,1044,113,865,301,429,286,204,259
b64a21a4.jpg,3,140,14,125,169,103,879,100,1031,117,1047,126,942,245,579,253,105,245
7f1269c9.jpg,0,26,1003,43,1026,71,633,365,160,443,0,407
364dd7a1.jpg,20,165,55,71,1006,356,1022,373,977,481,527,480,195,455
e79c7941.jpg,20,255,40,206,808,145,992,105,1019,157,754,366,305,388
8baaa687.jpg,108,291,201,141,952,179,968,200,654,432,477,449,362,452
4c6a0c6f.jpg,125,218,215,131,1014,128,1023,140,534,438,429,481,374,475
06256148.jpg,3,18,14,6,385,2,410,44,308,154,249,165,136,160
37bc38b7.jpg,83,244,134,198,978,204,991,216,526,508,356,490
843d1213.jpg,24,69,45,46,150,41,698,32,843,25,853,49,614,218,246,220
8305abbf.jpg,16,42,64,11,140,11,550,31,663,30,680,38,389,160,152,152
3f461c80.jpg,13,51,38,27,1016,83,1032,151,919,331,226,326
70db2595.jpg,24,217,55,167,221,161,842,162,1027,170,1030,178,529,385,393,381
cfa95e0b.jpg,210,205,615,219,655,220,675,256,587,306,434,304
6cdbf3cc.jpg,10,69,27,14,1012,10,1039,56,652,354,456,369
d38950c4.jpg,76,162,92,144,910,162,937,233,681,445,550,454,406,432
db108317.jpg,12,28,23,4,589,27,605,54,388,181,239,180
16ab37f5.jpg,15,296,56,202,243,200,883,209,1032,330,910,365,569,365,192,359
8cbd15e5.jpg,10,73,27,53,1004,63,1029,116,917,271,698,325,271,327
75ea45c4.jpg,99,187,145,131,930,227,955,237,597,369,290,372
4f100e91.jpg,56,196,124,171,797,177,817,184,338,375,232,372
c31459be.jpg,4,76,68,28,972,44,1027,116,837,275,555,292,218,287
26405366.jpg,16,113,156,36,1005,45,1044,75,511,445,410,439
7e713402.jpg,16,273,28,264,179,232,869,145,1010,150,1033,180,771,397,247,420,400,421
45966756.jpg,26,132,59,81,996,140,1018,182,853,321,230,291
2631d14b.jpg,103,210,196,42,848,138,974,240,842,422,215,441,648,449
37d8cbb6.jpg,59,235,245,189,837,192,1010,248,638,423,521,427
32aba2a8.jpg,11,181,82,41,1027,2,1048,42,766,235,570,273,302,305,124,318
e30bd230.jpg,16,254,26,245,204,233,736,210,901,187,966,242,711,436,565,437
81a24058.jpg,6,114,24,37,1003,82,1009,153,496,321,118,301,920,249
112fab67.jpg,3,36,37,14,209,17,868,8,1011,2,1034,36,667,152,357,159,171,185
97305036.jpg,100,336,298,191,833,196,934,195,938,209,616,385,421,412,111,374
8ab4077d.jpg,11,29,17,20,269,19,276,48,183,137,148,136
9bfc52f0.jpg,11,187,32,117,679,148,683,162,540,328,309,333,97,334
13d23cf5.jpg,12,23,25,15,1004,17,1027,43,1025,79,716,348,537,360,428,366
c44d7750.jpg,123,105,136,82,932,130,968,181,607,489,503,475
5ad59658.jpg,59,117,68,55,947,52,1011,179,839,504,589,535,454,508
216bf1fd.jpg,83,244,155,127,894,147,902,154,561,447,467,447,225,448
442005d4.jpg,9,250,134,113,1030,141,1039,151,659,374,456,391,145,379
ba403d8f.jpg,83,73,107,52,853,51,944,252,733,584,548,595
c7a3d69d.jpg,42,296,219,186,959,193,993,194,1025,224,564,425,434,433,267,414
e28c66b7.jpg,3,112,86,11,1013,46,1041,56,480,340
7bf542aa.jpg,198,227,224,201,860,229,877,255,645,397,466,405
7c863c00.jpg,134,375,197,264,898,41,470,574,320,608
0a29c0d2.jpg,8,59,42,18,217,19,1013,17,1034,43,801,265,176,245,540,266
152b90d0.jpg,79,87,95,51,960,49,997,119,975,190,792,237,449,261,103,227
c4f97157.jpg,197,120,843,110,858,164,566,508,468,498
a1513532.jpg,12,53,30,33,886,46,931,141,709,366,546,366,261,309
738f3370.jpg,51,96,78,84,969,68,998,109,752,290,633,315,420,314
2c367983.jpg,66,166,78,149,923,147,965,257,856,421,432,436
a0d45211.jpg,112,187,128,169,866,146,886,175,625,404,361,394
39172a3c.jpg,20,83,41,33,877,59,899,104,730,312,374,301
63e23dde.jpg,4,34,46,22,478,14,511,76,347,201,258,186
0edaba42.jpg,60,177,92,132,961,145,989,193,565,459,306,417
70abfe1a.jpg,62,188,81,160,799,154,873,208,672,368,513,375
91641ee3.jpg,28,46,50,14,1021,25,1040,47,873,168,158,137,636,172
376baa5c.jpg,12,100,30,63,519,59,525,77,306,237,186,235
79954236.jpg,72,304,262,115,982,143,994,155,843,293,585,340,218,330
76021b49.jpg,0,46,31,26,989,4,1044,83,915,221,312,240,604,242
c60d8a03.jpg,140,320,164,307,897,303,907,312,588,522,474,520
f00f98fb.jpg,178,319,305,284,572,271,665,323,595,426,512,427
5dd10bac.jpg,4,61,26,11,1023,22,1044,57,629,428,525,423,379,409
49b0f623.jpg,73,66,189,38,826,49,968,66,435,259,354,259
39d227e9.jpg,2,151,985,53,1032,159,295,682,276,682,3,177
901ba08a.jpg,24,176,50,164,153,152,937,143,990,187,647,339,533,358,427,334
9a3e3226.jpg,180,251,243,184,769,200,951,226,519,441,408,453
714484c4.jpg,7,88,44,36,997,44,1031,92,615,368,469,381,432,376
a5e36602.jpg,5,64,20,60,538,67,583,117,404,307,242,240
66e6d2c3.jpg,16,288,96,178,214,155,782,155,1036,198,581,414,504,427,199,372
0dd507d3.jpg,8,42,45,8,883,19,989,92,791,354,433,370,291,328
58f9e3d3.jpg,22,52,62,16,266,27,823,36,988,35,1025,84,640,328,440,319
9738a780.jpg,135,273,200,139,797,207,948,214,956,225,720,386,452,412,237,417
a56e284c.jpg,97,147,131,90,874,224,931,438,881,557,537,544
d5937fd7.jpg,5,12,985,12,1028,95,782,314,566,313,440,277
c392e2e5.jpg,37,208,141,98,806,73,885,124,725,324,152,324
b1485028.jpg,27,213,248,31,1019,34,1035,46,644,235,295,272,87,272
0a70aa2d.jpg,13,73,59,23,1017,4,904,10,1036,24,625,328,526,324,387,291,228,251
bc2d14ff.jpg,32,169,72,135,667,56,675,62,345,327,269,331
e278bd28.jpg,69,63,97,50,942,36,1049,115,1048,268,928,436,798,453
675cfce1.jpg,113,160,124,151,907,235,924,254,756,400,521,372,350,351
0cef66af.jpg,16,117,54,26,482,27,496,45,386,166,322,196,261,208,34,186
5e2fcd9d.jpg,236,360,302,222,895,228,901,257,645,505,500,528,336,512
e90e1470.jpg,5,52,39,21,967,20,1037,62,596,239,468,240,930,144
7cdc08aa.jpg,17,134,35,94,800,93,810,126,498,367,319,380
665beb6c.jpg,11,210,67,145,1025,91,1040,102,500,419,358,437
c26340b7.jpg,54,207,98,168,992,172,1013,202,575,454,408,442
49118d5c.jpg,110,255,140,239,727,230,740,244,541,338,265,358
82a0b320.jpg,45,158,59,113,942,94,991,230,726,480,617,495,488,487
2fc74176.jpg,6,65,12,30,658,142,688,217,604,328,375,329,231,307
9c855d38.jpg,104,186,118,175,824,193,886,283,728,442,568,464
ae023595.jpg,36,117,61,103,691,120,839,132,876,194,583,383,468,377
8cc05900.jpg,105,156,130,123,946,220,958,230,569,414,422,413
f3e3e22a.jpg,179,213,189,194,873,188,885,204,611,425,533,435,446,429
88e2c4e8.jpg,20,114,38,105,627,95,671,145,520,269,394,272,309,268
78eb1f86.jpg,4,224,77,139,1035,126,1042,137,526,395,426,404,272,387
51205ad0.jpg,13,266,139,156,1010,158,1042,181,499,423,154,424
ee897d4a.jpg,1,265,50,243,547,148,664,155,303,312,227,302
787d048c.jpg,11,59,41,33,645,49,670,78,521,164,296,174,189,163
ff2c20cc.jpg,17,248,210,202,931,121,974,157,586,451,440,454,47,214
db276301.jpg,172,314,197,281,881,265,901,293,620,362,336,384
1451c226.jpg,8,49,33,11,1005,4,1038,41,567,402,492,449,466,446
7470a86a.jpg,272,405,289,385,686,348,693,353,602,423,406,449,299,440
5efae38d.jpg,66,196,88,138,872,138,892,185,707,370,148,313
56330cdf.jpg,5,49,78,33,193,35,880,34,1018,26,1044,53,721,194,588,207,562,202,225,157
b1a3575f.jpg,250,331,313,322,635,328,721,345,541,401,491,406
0b7b7f00.jpg,29,167,56,125,849,141,987,139,1028,149,861,274,758,284,495,281,157,286
a02ee0c9.jpg,41,213,50,199,956,201,1005,258,657,602,541,604
d9f3391e.jpg,110,149,131,126,679,136,696,152,443,333,357,332
70ceeeff.jpg,23,75,72,17,820,6,1038,49,794,215,595,221,311,210
7aa1ee70.jpg,11,145,86,27,1004,10,1046,37,734,242,225,307
48267b4b.jpg,1,336,2,240,1006,54,1049,74,1047,285,751,596,670,615,495,593
608536fd.jpg,8,22,30,12,959,11,1041,185,794,468,645,488,452,441
95d95348.jpg,17,143,46,115,730,132,784,160,521,329,348,327
e95061d7.jpg,28,213,59,155,960,163,998,208,838,410,595,440,405,464,300,464
fa2f0694.jpg,16,48,26,42,395,25,405,47,258,167,183,165
42c4240c.jpg,23,73,207,35,801,20,979,15,997,50,801,142,497,137,240,166
40172c0d.jpg,15,59,32,18,1001,7,1035,98,907,273,376,237,137,229
f7046e6e.jpg,8,88,38,34,1010,45,1035,89,800,282,216,260
0cdc3e24.jpg,14,69,47,15,1012,17,1028,38,819,256,465,290,176,267
f08d46f5.jpg,43,97,82,38,1017,266,1030,303,774,483,599,483,340,463
4d4c7e98.jpg,18,28,161,19,978,17,1035,84,977,136,204,120
dc0c4961.jpg,10,72,44,13,1026,20,1042,28,512,426,379,420
b591eaec.jpg,6,41,12,20,1005,23,1034,68,773,266,603,291,407,290
7c2885bd.jpg,17,306,74,209,814,190,830,221,575,398,266,414,113,412
347196cb.jpg,65,192,94,147,886,218,948,320,821,442,497,429,318,415
5eec5023.jpg,80,62,95,19,887,23,926,132,648,430,466,428
374aaece.jpg,16,194,78,17,962,34,987,49,450,293,148,311,79,313
d56b6f59.jpg,59,268,84,204,992,185,1005,202,661,461,316,484
372fb923.jpg,8,44,25,12,419,11,431,37,300,150,144,160,198,154
685cdc28.jpg,8,43,23,10,600,20,615,46,430,189,302,198,200,188
b300713b.jpg,5,57,62,7,1016,7,1038,31,603,301,371,290
ade99a2a.jpg,9,291,42,262,1022,267,1035,290,763,433,579,463,308,463
6a9511df.jpg,27,94,41,61,1003,21,1034,48,822,220,616,254,321,257,125,239
ec5ed523.jpg,8,109,53,9,992,14,1038,75,840,281,451,314,157,313
978eaf6b.jpg,32,194,78,149,720,76,812,54,847,67,522,250,432,290,336,294,225,295
cf54d154.jpg,168,318,183,288,245,291,666,325,753,328,727,357,478,358,206,352,347,356
04a91387.jpg,17,98,50,22,1005,18,1040,72,863,290,407,314,192,297
e38d0d14.jpg,26,124,39,59,994,79,1012,119,551,418,523,439,458,439
25a938fb.jpg,120,159,150,111,837,241,876,373,773,537,527,497,405,477
1eaa1e06.jpg,15,48,40,18,485,41,567,59,264,213,193,216
2b4b2088.jpg,1,96,22,76,837,252,1028,336,570,404,460,407,394,398
34486500.jpg,296,294,311,261,709,268,786,271,791,281,569,388,532,403,474,396
f28beca0.jpg,17,200,38,171,979,167,1022,275,830,521,712,559,502,571,388,554
f2b5ad4c.jpg,10,163,139,0,600,1,1024,1,1045,4,1046,87,615,545,526,591,416,612,305,571
7cbdeefe.jpg,29,166,83,39,511,36,522,50,356,224,46,224
65322a65.jpg,154,228,224,166,935,227,638,347,325,366,280,356
a67e4eb7.jpg,114,290,136,235,957,219,974,244,651,495,535,521,415,501
fe7ee58c.jpg,91,295,186,132,956,155,976,180,653,403,541,420,407,437,179,436
66a98b8b.jpg,30,176,41,155,861,158,955,316,880,459,591,432,311,388
51efc58e.jpg,222,271,364,160,789,186,919,241,495,431,430,458,355,434
f75287c6.jpg,3,159,56,103,992,21,1043,44,834,239,458,242,170,238
c44e6708.jpg,24,215,261,185,983,121,1012,163,738,367,400,379
9cc2c8fb.jpg,17,58,28,37,876,27,929,105,673,331,441,345
489639e6.jpg,30,223,50,203,174,204,927,193,1011,213,510,434,402,419,311,392
deb2a0ca.jpg,11,236,71,153,1019,190,1038,225,769,398,187,373
c8c79ef8.jpg,9,47,30,29,1026,27,1040,56,769,290,546,289,261,262
91b704dc.jpg,6,142,72,44,1015,2,1038,30,753,284,452,309,254,316,159,315
d7535463.jpg,15,124,32,99,1001,141,1018,182,631,443,425,430,518,448
5cd7dac1.jpg,84,227,111,189,908,187,934,209,689,387,472,408,270,390
cbe54f65.jpg,80,214,944,237,985,291,835,429,357,421
4edb558e.jpg,44,67,54,59,958,77,994,164,884,321,519,326,377,321
263246e0.jpg,17,158,66,77,1015,76,1037,103,709,280,202,288
c1ed63ca.jpg,4,80,70,1,877,27,1017,25,1035,40,675,224,517,248,419,239
a0a67a94.jpg,0,264,1,197,216,130,1031,152,1046,187,975,492,477,484,941,497
809292a5.jpg,182,173,190,160,772,149,813,193,638,348,557,356,490,340
bdca1fb9.jpg,9,83,58,27,1019,24,1035,31,689,191,210,180,95,174
c1bd0ce1.jpg,3,43,53,10,862,28,1036,68,694,194,295,218
0c86b603.jpg,15,49,32,38,791,16,840,96,744,223,481,257,344,268
b0224ca5.jpg,210,248,221,246,657,229,726,296,682,368,536,378,517,379,436,367
af39681d.jpg,189,201,226,155,882,125,911,165,651,427,567,451,453,434
82ca05c1.jpg,75,188,91,157,1013,147,1021,168,803,328,542,331,254,340
d939f00a.jpg,9,197,15,180,1018,178,1033,214,770,445,517,451,312,453
2548392a.jpg,193,363,231,338,954,354,964,361,558,565,485,554,439,535
52635bba.jpg,14,32,22,27,664,31,678,56,380,301,319,302
73ad084c.jpg,27,204,47,179,948,196,974,246,631,338,401,329
651da09e.jpg,5,50,38,8,1023,6,1046,62,772,214,545,243,496,248,407,246,185,237
9446b8d2.jpg,15,244,26,235,1003,214,1026,234,817,345,579,341,442,345
cba74978.jpg,10,83,80,14,1009,16,1039,45,633,309,494,328,274,317
75316f27.jpg,38,120,126,81,434,52,478,92,329,259,242,254
302a5b93.jpg,330,296,337,289,733,269,748,305,635,420,564,413,502,421
2899387b.jpg,76,170,107,130,950,166,972,198,679,460,503,459,351,456
eef58014.jpg,18,163,84,69,136,63,910,71,1026,166,604,324,550,329,467,327,326,302
c3e1a0ef.jpg,131,276,151,256,904,258,929,309,622,503,545,520,501,520
8f054a5b.jpg,1,405,2,91,32,79,526,0,667,2,499,272,327,335
1312c161.jpg,97,195,120,187,723,150,761,222,613,432,471,435
4dd18c85.jpg,53,198,69,186,978,186,997,229,624,434,486,428
3a010137.jpg,53,145,81,92,977,76,998,100,807,299,643,324,442,323,185,308
475b2bd2.jpg,36,185,49,183,938,168,998,239,799,466,543,468
d209b473.jpg,180,313,194,283,852,186,880,212,684,405,506,426
33080aa5.jpg,6,77,32,12,1020,5,1041,63,826,353,524,354
3d08992f.jpg,19,136,72,20,1011,9,1033,58,765,348,543,372,204,354
8b125a35.jpg,2,164,20,147,102,147,612,135,690,129,695,143,387,301,303,316
5dace753.jpg,30,119,41,100,1009,102,1025,121,573,487,469,522
dd4b041f.jpg,14,83,53,23,767,25,773,34,537,212,421,241,200,281
922f8f73.jpg,202,292,296,172,885,91,889,96,658,318,426,340,223,347
42d0ab1b.jpg,63,182,88,168,739,158,804,254,690,388,339,353
c6c93020.jpg,143,145,195,69,626,102,635,104,350,321,256,317
58796b42.jpg,132,258,147,228,909,211,917,237,623,367,317,393
dc754e46.jpg,58,256,86,211,984,195,1020,236,758,415,591,422,285,386
667a6ea6.jpg,12,11,21,4,991,28,1043,106,790,318,752,318,299,238
b60f2b3e.jpg,222,178,271,122,312,165,325,191
0b255c73.jpg,50,123,117,76,263,80,903,72,961,76,1020,118,595,400,439,383
13b06c5d.jpg,132,180,177,13,933,31,852,264,545,376,337,439,224,428
49d9efc3.jpg,5,98,49,24,1028,23,1042,31,800,226,649,264,456,297,226,311
ddb8f7bf.jpg,27,134,48,103,650,182,664,208,398,289,260,280
32ed5989.jpg,4,260,29,159,676,93,692,129,528,285,230,301,48,338
5d1a0b03.jpg,7,37,18,27,631,31,697,121,610,242,424,283,301,280
b4e0099c.jpg,220,332,226,320,528,327,557,353,469,412,408,415
c7c249d8.jpg,2,42,23,9,1000,13,1036,51,767,265,517,268,237,227
1d266775.jpg,111,373,167,268,937,98,951,110,654,423,417,462,255,483
d11b57b4.jpg,7,115,77,20,1015,6,1047,34,785,230,259,232
e72c65d7.jpg,3,134,24,119,953,120,1022,227,814,449,606,447
39de3f13.jpg,348,283,393,278,675,305,715,328,603,361,568,365,506,358
cc6274ff.jpg,57,434,268,159,1007,97,1025,135,538,441,327,484,66,490
9d3ed39f.jpg,10,84,45,12,1004,14,1037,38,860,219,521,241,212,262
c4c6c942.jpg,134,178,145,165,505,202,507,207,363,294,251,285
d510d70f.jpg,30,544,971,1,995,3,669,525,495,557
bb9510a5.jpg,39,81,54,57,968,48,984,87,881,210,387,231,186,234
f4afdaf9.jpg,6,559,317,19,985,31,1031,37,1038,71,425,881,113,875
f3a88715.jpg,45,142,91,71,932,107,956,149,514,359,352,362
f3d5e3f6.jpg,54,168,112,38,1001,140,1025,156,688,461,590,495,299,506
bd05211a.jpg,8,237,208,209,810,222,1029,309,941,402,572,419,353,395
81472e68.jpg,392,342,543,9,644,163,616,322
07a49e8f.jpg,13,68,34,12,1011,81,1042,160,840,377,205,346
9fec01e1.jpg,217,292,280,55,928,46,966,111,661,420,509,444,303,439
8e232bdf.jpg,23,69,47,58,857,55,990,315,886,531,616,515
9529dfe3.jpg,33,215,74,98,873,95,888,162,693,376,449,407,159,419
34cda315.jpg,87,211,130,155,924,210,949,242,655,416,363,423
30f59bdd.jpg,60,175,197,158,879,133,982,222,780,478,643,481
caeaaef8.jpg,5,16,16,10,426,17,459,12,505,70,395,232,306,234
3cb1fd98.jpg,11,98,40,17,1009,13,1035,88,786,303,510,313,327,309
71d9b297.jpg,14,12,33,5,991,91,1045,170,910,292,626,265
f7d642a6.jpg,25,82,137,19,681,8,702,78,586,187,437,194,261,194
2b941c3b.jpg,14,43,28,30,1005,21,1043,50,569,230,310,210
55d40209.jpg,4,117,37,96,990,88,1031,149,693,406,522,401
e8fb34af.jpg,48,161,67,147,920,199,958,296,821,444,591,455,382,438
b8e8d9a3.jpg,22,76,158,63,846,72,978,81,1023,145,739,332,632,343,546,337
68f84490.jpg,97,263,136,201,882,210,908,245,556,505,433,513
71053f5a.jpg,1,44,52,11,1007,2,1032,17,579,271,459,292
a885f9d7.jpg,242,327,513,290,569,332,556,402,416,408
34f59372.jpg,9,196,55,95,1006,19,1046,86,697,401,561,403,127,426
46d882ea.jpg,5,82,194,6,809,5,1037,39,905,126,332,180,161,178
9d2cf6ab.jpg,10,66,52,14,699,5,703,13,307,275,209,281
02916b71.jpg,59,202,92,98,986,28,1000,58,647,443,525,445,273,425
1323a889.jpg,32,148,46,106,806,164,928,210,507,562,425,558
d65fd74a.jpg,299,292,334,261,371,264,713,263,784,259,796,272,537,385,516,386,451,385
ddb6d9d5.jpg,31,213,63,140,986,144,1026,182,801,429,475,440,228,438
1c2e3696.jpg,3,36,30,7,1011,50,1036,88,777,348,492,340,291,339
cd2a01bc.jpg,12,17,43,8,964,6,1027,90,764,352,564,359,459,339
38c48883.jpg,6,48,51,17,571,17,647,248,566,403,394,386
e33261e6.jpg,5,86,56,30,1002,11,1045,72,871,268,561,315,335,359
cae9bf40.jpg,62,172,78,124,881,109,889,153,596,371,487,373,342,371
52d3e004.jpg,33,89,29,53,51,31,1003,35,1034,82,842,311,565,302,312,281
3050c5de.jpg,200,210,239,170,819,188,833,205,502,397,438,394
737a5429.jpg,22,152,37,100,989,62,1016,80,623,364,564,378,380,370
19535e72.jpg,363,343,373,337,673,358,690,407,659,452,476,452
c0b7f3ab.jpg,15,57,32,17,991,16,1031,84,686,386,596,408,525,404
cf0ae32e.jpg,33,260,102,126,984,122,1019,168,620,431,482,441,426,444,194,460
af759290.jpg,18,32,66,19,1001,14,1028,50,833,259,609,253,525,254,429,250,174,238
bf53fcf1.jpg,0,191,0,79,670,52,688,118,444,327,344,328,260,344,343,344
b315fcbb.jpg,50,279,66,232,217,212,829,143,976,137,989,167,576,521,500,534
a404abfd.jpg,24,47,48,10,970,26,1020,74,974,187,574,201,300,198
682bcef4.jpg,5,28,18,14,195,22,1024,6,1038,48,916,173,620,184,254,211
bb5bfd2c.jpg,17,49,37,19,843,45,986,53,1003,131,914,216,431,252,263,267
c56c7109.jpg,267,205,272,183,732,170,779,366,623,604,500,558
bc5f0ddd.jpg,364,409,368,398,664,386,671,400,589,467,531,479,466,477
61e2f950.jpg,37,161,65,94,976,82,1007,170,581,498,483,502
9bb4bc42.jpg,13,178,64,117,1020,107,1038,138,680,316,554,316,440,311
18d1f70e.jpg,8,62,25,11,977,33,1033,168,681,448,471,432
47575ccc.jpg,1,66,28,5,830,13,859,67,761,225,491,237,124,237
0e13c663.jpg,138,304,165,188,877,187,880,230,672,446,544,455,391,454
fc6f3123.jpg,17,142,56,65,1006,77,1028,122,564,506,453,501
aab954a0.jpg,11,209,51,138,712,178,822,247,762,317,630,345,522,347,388,356,178,335
a15de001.jpg,394,132,452,44,755,187,874,217,513,325,444,278
07992508.jpg,9,115,23,109,589,106,620,153,582,211,399,220,262,238,161,231
921f211a.jpg,46,242,75,201,968,189,998,261,787,434,409,437,251,422
aa8eb427.jpg,0,31,22,7,914,80,947,124,607,374,413,376
5ceaabc1.jpg,57,42,82,25,808,19,905,199,665,579,519,571
5244c139.jpg,20,181,36,146,284,143,568,138,697,152,722,160,510,261,248,267,168,260
f551e903.jpg,35,322,104,183,1015,178,1023,190,598,441,441,456,172,460
90befe0d.jpg,29,91,61,34,1020,80,1036,140,595,452,424,448
870e3710.jpg,0,52,24,25,200,17,876,10,1012,24,1040,58,808,201,529,197,379,200
c560225b.jpg,272,586,278,577,714,569,722,597,627,691,503,695,404,694
107a4c8c.jpg,5,42,64,10,1013,2,1047,30,899,201,662,230,355,203
be5d2ac7.jpg,17,33,218,35,848,47,978,50,1031,102,829,229,630,236,417,206
a915993a.jpg,7,52,128,34,771,46,895,72,715,156,391,162,144,144
b20ab03a.jpg,26,177,39,167,232,161,802,157,1017,271,987,280,427,300,322,300
bd155630.jpg,29,27,47,18,887,33,1030,136,751,434,632,455,553,447
62bf5493.jpg,39,71,57,21,1000,16,1013,70,521,441,469,446
0fcbbfeb.jpg,2,20,20,7,991,40,1038,158,875,317,624,306,417,305
4bf85217.jpg,20,168,40,112,666,185,684,201,449,336,333,341,232,339
1170d81c.jpg,22,124,53,38,1015,19,1040,49,769,319,534,342,314,346
5fa3257d.jpg,4,82,32,42,992,12,1032,69,733,305,564,317,344,302
77a03675.jpg,17,151,46,121,773,129,790,152,633,260,422,254,185,243
e7318d2d.jpg,13,279,141,183,812,233,1027,282,592,397,350,441,214,459
4e0a7ca4.jpg,80,180,104,167,932,188,960,208,732,386,607,394,326,368
05d87e8f.jpg,119,105,528,55,536,96,390,277,330,279
16dad39c.jpg,7,46,34,18,971,10,1038,137,847,331,533,305,208,255
8b8cb52a.jpg,314,117,335,66,786,77,789,105,644,208,379,210
e6943a2a.jpg,24,125,77,9,1010,25,1039,64,930,281,710,274
c97b3d74.jpg,15,136,5,76,42,38,1001,32,1038,140,813,387,418,358,238,348
2c91b1fd.jpg,58,168,78,146,222,151,953,148,967,170,602,376,492,367
afc114b6.jpg,21,208,21,177,48,177,1001,232,1031,300,830,453,561,469,355,457
efcf3af9.jpg,14,41,30,9,1019,11,1040,84,688,349,532,374,469,375,404,372
686c82d6.jpg,3,71,210,13,864,13,1040,79,809,144,608,140,386,133
9d4ec8e6.jpg,66,117,87,54,964,53,1015,115,784,326,561,327,396,309
8dc18afe.jpg,77,252,171,116,923,122,933,128,440,445,335,455,245,439
be504bb3.jpg,18,149,50,78,972,61,1036,149,847,437,607,465,284,454
81b398f6.jpg,8,40,32,3,1019,26,1046,59,784,212,589,239,448,233,368,229
13276f92.jpg,65,123,210,15,959,17,975,36,391,367,250,356
1fbf0d71.jpg,18,36,29,25,998,28,1020,63,790,278,543,295,323,293
1fb7e4c9.jpg,3,165,109,11,1016,26,1046,69,843,276,645,294,158,272
057644d1.jpg,32,200,69,142,981,143,1020,195,602,498,449,479
9dcabf36.jpg,109,381,124,372,824,389,906,537,879,612,175,424
f1d0466d.jpg,61,131,243,102,795,118,960,189,892,257,592,280,349,265
a6b5cadb.jpg,34,238,68,164,927,167,939,205,675,441,477,447,259,460
2026f029.jpg,61,341,97,310,970,276,987,302,819,435,539,439,393,459
7c28d11f.jpg,27,198,76,102,986,107,1012,148,617,520,507,525,317,514
348cfa0a.jpg,8,47,43,25,162,25,832,24,1038,52,651,278,499,285,348,295
776b0b63.jpg,1,33,27,17,983,18,1019,134,935,304,474,315,191,305
14752047.jpg,9,138,40,60,1010,5,1035,79,658,345,552,363,287,379
81003525.jpg,37,115,58,57,926,86,942,119,685,272,488,289,258,314
1ffa9a00.jpg,249,383,350,181,462,183,674,357,566,423
6a1edcf7.jpg,80,237,111,132,912,132,918,149,541,590,399,590
4fb49588.jpg,19,46,28,17,377,12,382,35,224,190,192,187
ac79a629.jpg,17,77,31,20,1029,15,1042,27,698,334,551,330,362,329
307d8841.jpg,103,338,207,297,901,304,927,322,494,499,462,507,350,501
0c6170eb.jpg,1,53,46,3,1000,2,1044,70,682,267,304,214
054c4923.jpg,23,96,48,83,733,85,898,289,799,439,668,470,600,445
b5a62ba9.jpg,34,146,54,100,836,104,872,163,529,383,421,389
2dda4194.jpg,17,156,34,134,814,198,827,207,600,359,208,332
a4827abf.jpg,77,297,143,115,1029,85,1047,102,766,380,515,469,195,514
c9d44cde.jpg,15,47,43,12,1016,26,1024,53,871,169,625,198,418,189,248,196
3153b972.jpg,8,82,43,11,1023,14,1044,75,927,194,538,232,306,252,179,257
dcebe2cc.jpg,9,318,68,268,1007,258,1032,278,567,526,447,537,247,524
3d529924.jpg,12,145,79,11,1009,10,1043,22,1047,119,880,391,615,437,423,443
a64ed124.jpg,179,437,218,394,867,431,873,439,565,604,405,620
5558710f.jpg,34,227,51,182,991,172,1011,207,761,421,257,406,569,424
9f4d33db.jpg,20,82,40,68,1002,78,1028,107,797,293,547,309,293,301
bb031f73.jpg,27,183,49,131,886,39,894,68,554,348,409,357,279,348
0c5de573.jpg,30,291,140,134,1006,97,1026,106,584,458,449,484,247,502
462ec9af.jpg,7,67,19,17,860,74,1006,90,1045,116,866,241,530,218,164,197,476,224
aaa2229d.jpg,14,52,142,15,823,13,1043,49,776,153,409,134
4000acd1.jpg,58,283,131,147,964,143,1005,152,1012,173,502,463,179,416,441,461
45b25470.jpg,157,295,183,269,413,249,698,279,696,392,683,442,593,486
62c8b6cc.jpg,50,176,61,161,592,163,690,169,709,219,660,267,465,279,207,268
3dd8ce3e.jpg,5,76,44,9,997,14,1036,52,772,287,543,283,255,243
67d226df.jpg,73,179,94,131,962,128,986,170,691,459,348,438
b55dfdc6.jpg,16,86,696,76,735,146,700,206,396,204,138,203
8d3a8c2e.jpg,7,104,47,6,679,5,688,62,580,171,378,163,23,136
754498aa.jpg,15,42,48,1,1016,25,1038,41,547,337,378,335
cef9cdfd.jpg,59,235,207,159,971,173,995,189,600,419,466,424,234,413
0d01adda.jpg,120,59,444,73,478,112,331,254,281,251
43301acf.jpg,75,260,172,174,957,187,977,194,452,457,342,471,207,465
bd306fad.jpg,8,86,37,26,1003,5,1038,81,697,380,295,354
2f778f6c.jpg,25,104,41,49,857,36,998,43,1022,84,762,281,447,332,575,316
b227cf19.jpg,13,112,74,47,1019,5,1041,30,506,453,376,453
c1c893e8.jpg,14,77,183,39,868,14,992,19,1028,55,893,148,559,141,171,137
d8604df9.jpg,24,86,42,21,1007,16,1025,96,853,278,424,238,110,212
c198676e.jpg,44,183,67,157,953,161,1014,220,783,414,627,432,431,403
6ceea38b.jpg,21,103,94,65,971,105,1026,278,937,378,601,403
bc053dfc.jpg,4,297,221,108,1031,118,1039,127,520,422,375,448,62,431
1b643059.jpg,46,123,94,84,655,83,667,100,392,288,235,247
1417b473.jpg,17,131,185,75,837,71,1044,99,911,146,563,215,196,216
a2e6e491.jpg,17,129,50,26,918,12,1014,170,978,266,794,301,371,305
f16597f6.jpg,8,83,44,36,1026,13,1040,24,540,393,427,394
3db2b50d.jpg,36,75,52,61,812,116,979,299,921,429,615,432
2b508898.jpg,6,44,38,7,1005,4,1040,76,870,241,383,294
f3062391.jpg,10,29,26,11,773,14,851,141,825,211,435,271,293,279
93240258.jpg,4,65,34,9,812,25,829,65,594,268,348,262,215,250
d5148b87.jpg,32,243,142,89,1019,93,444,603,284,593
8ddccb8e.jpg,44,236,72,196,941,118,953,136,626,425,363,433
c84e4ce3.jpg,44,224,78,143,1003,141,1021,153,580,462,512,487,398,490
435b5c2e.jpg,9,97,42,14,1011,5,1042,48,689,386,577,389,156,307
cd583fcd.jpg,20,130,36,107,838,109,942,117,983,188,808,317,567,327,478,329,292,299
6c7c7838.jpg,9,144,34,128,223,131,844,132,962,147,1034,281,821,458,624,458,468,430
7335e02f.jpg,19,227,69,150,1026,231,947,311,552,348,133,377
0042ea34.jpg,7,32,17,29,116,33,497,34,523,70,358,199,254,182
bc32263b.jpg,34,67,62,55,759,173,997,290,904,392,631,386
2b25f065.jpg,3,47,16,32,362,32,368,50,284,116,152,116,99,123
44f9bfe0.jpg,51,175,80,146,972,139,998,159,722,331,539,342,302,326
94d1deed.jpg,152,203,164,189,811,206,842,292,757,388,450,395,357,382
19cabba3.jpg,357,366,363,357,582,343,586,358,519,423,476,425,427,421
70e2e892.jpg,4,290,239,187,795,198,1039,209,1043,251,505,501,361,511
3a76961c.jpg,1,125,34,65,1018,55,1039,99,723,257,487,290,346,289
39885be8.jpg,3,67,18,33,1024,60,1041,92,793,323,496,354,268,325
fcb09150.jpg,53,84,71,66,894,107,986,224,817,389,682,414,520,394
1809ed3f.jpg,2,111,67,9,1011,6,1043,66,759,282,511,305,259,331
84074a3b.jpg,24,203,61,86,1017,126,1026,224,721,497,499,517,363,525
9e5c2d3a.jpg,17,198,76,142,996,146,1019,173,468,481,272,462
c2a9c17a.jpg,161,497,195,461,918,363,948,405,657,599,421,592,592,603
e57c204a.jpg,94,201,138,166,885,201,936,258,650,386,422,396
506e4452.jpg,29,26,624,43,650,81,649,139,511,248,318,273
5047bb42.jpg,13,45,63,38,273,12,315,53,280,141,212,143
b1b9f9b9.jpg,42,130,49,121,906,100,997,221,845,404,585,385,430,379
9bb6f188.jpg,3,96,64,14,1014,28,1043,68,777,324,478,351,218,360
02529c95.jpg,4,91,63,30,1011,17,1033,42,695,230,429,276,374,282,290,275
543b492b.jpg,82,208,123,113,949,158,965,193,767,319,266,315,739,322
f9f96d8a.jpg,3,53,37,17,1013,23,1033,61,588,366,436,363
73e05158.jpg,50,239,124,73,967,75,995,116,601,544,241,508,368,534
743b231e.jpg,9,92,40,11,1008,14,1040,77,637,529,528,527
b50c1e4b.jpg,81,147,99,131,759,113,915,111,935,121,742,266,504,272,256,268
9669b919.jpg,114,140,217,68,675,252,243,333,144,303
87db3957.jpg,186,284,208,201,839,247,849,287,783,422,531,466,279,459
3e0572ad.jpg,2,95,68,6,1015,3,1045,35,719,319,500,373,299,378
859f8f96.jpg,28,186,84,28,1013,78,1037,111,735,445,552,464,250,451
ae3108b5.jpg,67,232,98,193,825,236,988,255,672,387,457,409,274,412
ba15b91b.jpg,18,183,49,150,973,151,1017,188,684,361,377,350
e7323a25.jpg,9,79,30,30,671,29,688,90,611,217,377,231,68,191
3c9e014a.jpg,8,72,42,14,1006,16,1044,60,750,332,269,327
2016301c.jpg,175,45,206,18,889,7,931,32,771,537,632,579
0d21dc39.jpg,22,273,255,176,754,121,1010,190,730,341,567,352,276,333
0fb4c4dd.jpg,37,682,184,576,571,596,602,686,587,696,44,699
3c1ac699.jpg,347,366,368,335,632,352,635,365,542,407,407,408
71883aec.jpg,8,44,21,34,680,43,705,105,664,170,480,188,357,185,129,161
24f54e6b.jpg,67,186,164,158,549,150,582,167,392,224,310,208
9ab0d800.jpg,18,198,59,141,993,166,1027,202,706,339,308,350
77cabd61.jpg,0,170,11,157,671,157,689,180,407,318,359,322
ae23c188.jpg,82,150,882,146,941,266,803,507,557,512,353,497
393082a1.jpg,18,45,30,18,928,72,946,140,825,292,591,302,153,227
e96671d9.jpg,1,37,15,13,1015,14,1041,57,600,446,488,450
04c06689.jpg,18,141,50,126,1014,161,1037,226,622,513,512,523,451,511
3033ec6e.jpg,173,165,176,130,858,178,880,232,594,397,487,406,519,408
0bc914f7.jpg,67,66,81,59,982,52,1035,145,811,423,728,439,631,427
d52c4624.jpg,19,43,38,7,980,31,1038,96,835,315,627,322,422,327
801ae908.jpg,8,64,33,21,1031,15,1043,65,669,193,453,191
45147d9a.jpg,150,362,185,289,909,242,923,240,694,469,553,472,407,477
37251e8c.jpg,14,116,82,16,991,26,1036,76,903,307,494,318,122,295
d3624b92.jpg,28,71,42,25,306,23,323,47,223,213,171,215
ca426c3a.jpg,132,188,267,167,796,176,927,211,590,421,510,423
0a3dbc55.jpg,18,101,45,12,971,11,1011,121,931,292,552,286,63,260
5f4981de.jpg,15,232,194,167,1015,130,1037,150,793,147,586,398,455,405,264,388
25e1fd5f.jpg,9,143,26,113,1001,175,1032,232,774,357,303,344
0d06e4da.jpg,5,21,25,4,1022,5,1044,25,639,416,433,412
51db1a79.jpg,8,71,36,18,977,67,1015,119,903,234,426,236,135,217
a2795cc7.jpg,300,140,318,112,769,102,788,131,602,335,552,337
ad0154ec.jpg,13,119,28,97,852,36,1014,11,1039,51,831,222,579,253,357,241
7e0b8a41.jpg,51,118,168,68,1022,36,793,52,370,354,141,342
93613295.jpg,44,275,145,115,1020,109,1030,126,605,525,131,443
fdcc3b84.jpg,2,116,2,13,884,76,1041,155,909,226,572,224,127,184
7a8d8b83.jpg,106,163,885,139,938,245,765,464,512,448,333,425
736a6a25.jpg,21,69,69,8,1008,4,1041,30,774,218,500,271,252,267
c66d11ed.jpg,50,109,98,51,964,49,983,66,684,254,481,276,256,286
4f04dff8.jpg,5,20,45,2,986,4,1042,49,717,333,539,341
ec2a3909.jpg,1,45,41,5,1027,6,1046,32,790,189,555,193,225,189
5d15f294.jpg,11,75,48,25,985,25,1044,73,567,553,463,543
2091af92.jpg,8,30,32,11,1013,16,1043,53,763,247,546,238,280,213
905fb55b.jpg,8,56,221,7,841,12,1041,39,528,267,478,279,338,278
67467122.jpg,13,87,51,32,1016,30,1042,94,848,328,542,319,191,281
80666e5c.jpg,7,114,53,10,1023,23,1032,66,708,380,496,402,367,407
72e74903.jpg,5,44,21,27,456,21,468,50,377,132,235,119,121,107
56b78981.jpg,79,188,99,175,926,184,962,249,685,502,523,500,379,465
7b013fb0.jpg,144,302,849,44,892,121,676,521,550,521
f489d44a.jpg,11,78,33,70,662,69,684,120,391,285,330,291
183ea97f.jpg,12,13,1025,6,1042,21,656,307,339,279
ff8b2ad0.jpg,11,103,94,24,1018,21,1027,27,649,215,427,255,212,269
506767fe.jpg,12,108,41,84,965,87,1037,151,647,522,516,511
71ca897f.jpg,10,146,41,135,975,129,1037,198,755,352,592,370,419,344
ddd5165d.jpg,10,32,34,13,781,10,879,15,899,34,638,194,468,223,289,214
7640ad49.jpg,20,57,144,29,611,15,720,33,561,133,460,147,334,144,184,150
f08d0573.jpg,4,126,80,11,1014,12,1042,31,477,438,313,445
e049b484.jpg,15,130,42,82,1011,80,1041,141,892,332,548,355,178,321
9277a3bc.jpg,172,331,191,284,799,275,821,312,703,373,353,419
0d726185.jpg,23,32,86,18,930,120,1023,309,970,393,605,391
e9342cd8.jpg,18,137,147,10,1034,38,617,340,458,351,106,304
5660bdff.jpg,24,218,54,165,878,157,903,220,560,476,402,470
f159ff18.jpg,13,144,35,135,1000,143,1029,196,895,284,527,309,320,307
b915eeca.jpg,3,72,196,29,828,16,1044,41,781,150,486,178,170,153
6e3126d2.jpg,233,304,326,260,689,273,857,331,506,340,439,330
3455f61f.jpg,252,156,329,58,801,130,483,387,407,408
7d06dd74.jpg,14,110,59,13,999,20,1023,118,880,369,541,367,259,354
6ee20c1b.jpg,37,46,50,22,874,27,916,190,722,518,255,446
6d82e3d0.jpg,3,26,35,18,964,12,1035,129,758,343,600,314
de2e860e.jpg,11,78,34,11,1004,9,1043,82,872,246,536,270,191,255
196d9d20.jpg,172,314,190,271,907,290,926,326,752,482,551,493,347,468
383eb5a3.jpg,295,103,306,68,491,51,504,73,440,217,389,234
cf4b2c87.jpg,96,236,110,192,938,216,967,276,654,480,472,495
42167c4e.jpg,30,130,49,117,622,105,662,147,549,259,214,256
21c7c959.jpg,11,97,134,16,875,16,1024,16,1037,35,565,369,459,406,358,388
0523d3a2.jpg,28,115,246,33,842,39,1007,38,1032,48,423,252,329,269,107,253
06e43d7a.jpg,421,270,445,227,703,225,710,229,615,312,446,310
a453f571.jpg,20,43,69,15,989,25,1042,45,704,234,329,161
a85dc2ca.jpg,55,221,77,188,971,176,1001,215,700,453,510,469,346,461
554079ec.jpg,4,17,24,3,1025,5,1046,13,563,290,412,288
e541e88a.jpg,16,40,36,20,897,25,924,59,558,314,434,312
69f48b98.jpg,119,140,158,124,855,113,637,573,480,577
943797a6.jpg,100,107,149,22,992,13,1004,34,615,368,513,422,412,440
7cb80b4b.jpg,5,133,197,115,693,112,780,118,819,156,632,262,547,282,457,291,382,278
7dea57a7.jpg,6,78,26,12,1010,12,1043,79,727,368,264,352,547,367
68383087.jpg,32,185,51,173,828,156,868,191,552,405,467,393
64ee361c.jpg,76,154,111,69,942,151,960,230,622,650,483,656
2f67d035.jpg,6,20,24,9,731,10,760,52,483,220,378,238,317,233
a95dc9be.jpg,13,60,33,12,682,25,693,38,482,196,169,181
2eb590c7.jpg,11,19,25,10,605,8,649,118,588,245,280,234
55dca6a9.jpg,19,129,45,122,856,101,879,135,708,327,446,323,277,308
3df059a0.jpg,15,107,60,27,1021,17,1029,41,788,270,531,298,325,310,205,303
bd5f8c8b.jpg,28,168,55,130,794,113,964,131,1001,186,631,466,557,505
8b31d1e6.jpg,24,74,42,43,987,36,1032,78,816,211,366,185
3bbb907b.jpg,240,115,258,102,569,100,780,370,722,540,581,566
468c50e5.jpg,1,170,0,83,16,67,1046,71,1046,282,590,379,472,392
5df2b62b.jpg,64,220,109,184,952,183,978,216,701,420,491,452,290,448
0868ded1.jpg,13,111,63,14,222,9,839,6,1000,17,1047,65,691,290,281,288,464,294
72ff7354.jpg,73,121,86,105,415,102,424,117,354,189,191,204,124,200
70759545.jpg,197,84,292,2,913,504,522,549,286,539
2d325acf.jpg,16,73,33,23,582,28,619,112,505,300,176,288
3a935629.jpg,142,135,156,118,776,218,801,239,516,339,403,304
94fa5de1.jpg,7,38,35,27,1011,17,1037,63,807,280,299,275
90049c97.jpg,5,32,37,6,957,5,1044,50,851,277,579,282,331,268
ae0da61c.jpg,4,40,34,11,963,39,1033,146,688,433,541,451,473,452
e1eebae1.jpg,6,121,36,83,1022,13,1039,52,553,436,464,435
398ca0ad.jpg,36,236,71,180,850,170,871,187,528,352,355,349,148,331
6a179092.jpg,20,112,201,10,880,50,1046,98,725,273,486,314,175,295
548ccf1c.jpg,36,208,214,129,827,140,991,146,999,171,475,417,298,395
1bfd386e.jpg,6,82,52,11,780,23,799,45,611,234,393,263,141,260
058147c9.jpg,6,17,17,8,162,10,827,8,993,13,1041,88,903,196,627,233,415,223
6b87ac87.jpg,1,451,0,275,844,0,921,244,868,559,663,634,196,693
a5855f68.jpg,63,125,103,95,887,120,922,209,735,438,501,419,208,360
4eed0bc0.jpg,7,71,31,9,640,31,668,95,661,121,246,186,107,182
5f17a866.jpg,27,93,58,56,900,46,968,180,665,497,378,393
b8af8b61.jpg,59,109,71,90,540,88,546,109,425,244,184,248
582a67d4.jpg,12,157,34,118,912,91,963,140,683,403,528,412,295,385
426c7903.jpg,28,55,47,9,633,7,651,43,564,158,313,164,88,152
e7f4bca9.jpg,6,35,19,25,175,18,770,25,917,33,943,38,771,159,450,166,139,145
f2677a33.jpg,32,163,66,131,964,122,1001,184,631,477,491,479
7b6a94b8.jpg,10,58,36,19,997,18,1040,81,771,343,550,341,330,314
fcbf11ef.jpg,15,218,96,158,573,90,681,74,690,88,372,298,292,308,173,305
9b335771.jpg,19,73,172,31,851,18,988,9,1027,60,645,307,465,306
0400ccee.jpg,113,174,132,161,751,202,842,208,886,231,665,407,575,416,519,413
1e5df861.jpg,9,28,40,10,1006,12,1039,85,1033,166,739,418,580,414,386,362
719bcb29.jpg,14,32,40,10,767,122,374,319
432f627b.jpg,102,319,187,211,873,201,911,219,454,520,313,541
affacaa3.jpg,14,132,32,97,620,75,649,97,614,154,487,170,171,182
1280618a.jpg,90,246,194,171,990,235,995,243,577,409,425,430,217,410
e05174ed.jpg,4,70,64,15,1037,8,1045,41,661,236,470,259,393,272
3c61b9be.jpg,88,146,106,139,268,136,933,96,963,144,750,308,560,326,399,315
d271f15d.jpg,58,158,94,132,639,143,735,139,740,147,505,262,196,261
37b38907.jpg,42,113,81,72,919,78,962,179,688,486,339,461,514,486
2ed3d6b7.jpg,14,222,39,163,656,176,789,184,797,196,631,313,201,351
362218d3.jpg,4,92,18,24,1022,12,1046,22,1048,59,333,331,194,336,909,225
2353565f.jpg,22,104,65,49,1017,12,1036,34,729,211,483,238,204,212
0267139c.jpg,5,51,19,35,801,11,818,64,693,216,179,212
cd181d51.jpg,14,29,36,17,973,13,1030,90,277,235,742,302,852,299
2aeabe11.jpg,0,106,59,7,1022,55,1047,70,644,350,221,334
44d5c23c.jpg,252,236,267,225,771,215,825,271,695,423,604,437
ba8de30f.jpg,18,75,36,20,1013,12,1018,28,824,299,230,314
415bbd5d.jpg,2,38,31,4,1032,8,1042,13,777,203,175,202
9d7c96c4.jpg,3,123,25,36,992,20,1044,128,808,450,314,449
0b32e254.jpg,14,54,15,22,43,9,771,39,928,37,947,53,792,159,548,166,108,153
9d461f5d.jpg,43,266,840,40,1004,157,869,435,489,414
d584bbfe.jpg,5,70,36,13,1032,10,1045,22,681,246,569,264,205,238
fae8e8dd.jpg,52,218,205,157,820,131,1004,129,1026,167,722,365,529,385,244,355
427cb01b.jpg,34,194,43,172,913,159,959,242,778,426,320,422
12a52f1e.jpg,49,255,90,201,241,193,840,188,985,197,995,210,655,377,220,367
d00f8e3d.jpg,4,130,30,87,846,14,872,71,656,354,355,374,232,358
12764cf2.jpg,0,37,9,25,321,24,337,49,224,160,190,161
e68b8eb2.jpg,17,222,146,200,863,198,1036,232,31,205,556,399,405,399
ea999934.jpg,40,243,59,225,793,238,1014,274,707,407,568,418,379,415
4dbb3712.jpg,5,118,23,92,925,66,1006,264,839,539,431,552
65dd4491.jpg,5,33,13,17,1004,6,1046,68,851,316,412,293,296,285
54aeef4a.jpg,160,443,703,151,721,163,612,369,524,423,248,459
13dc9229.jpg,17,105,67,16,1009,13,1038,49,1016,97,749,269,469,410,326,404
13803f71.jpg,9,47,25,8,1000,31,1045,127,921,327,276,332,471,344
a71aa07c.jpg,1,115,53,0,1016,7,1048,68,827,300,211,304
55d2bfe3.jpg,3,29,9,14,227,18,238,25,171,81,138,86,48,82
87cb279c.jpg,1,78,16,5,1033,11,1043,37,910,230,475,247,101,262
412a41d3.jpg,16,144,36,89,953,197,982,254,713,454,310,408
9ea2284f.jpg,34,221,40,216,922,214,991,257,737,428,558,423
a8ea96dd.jpg,45,251,46,63,74,32,992,8,1040,74,728,470,493,513,244,548
b76fe435.jpg,15,167,29,161,964,373,1041,466,358,465,869,475
c160d37a.jpg,388,410,405,248,439,221,904,96,924,147,531,503,443,499
91b2b0a0.jpg,1,54,50,7,1015,20,1047,58,584,323,405,319
42b737be.jpg,8,21,32,10,953,17,1035,133,802,403,674,430,522,431
919d9068.jpg,14,124,71,23,1017,25,1044,28,518,370,286,369
719bb547.jpg,16,152,52,109,1015,107,1028,128,694,325,484,354,287,370
d20e7a91.jpg,6,196,101,23,1003,20,1044,96,763,334,474,370,111,357
76b6f960.jpg,10,94,62,32,1003,26,1049,74,479,280,339,301
d2f54af0.jpg,366,468,421,377,614,288,497,512,404,539
48261810.jpg,60,186,89,108,893,180,924,230,723,466,459,484,268,463
5871e557.jpg,8,63,37,11,845,12,873,19,630,169,189,186
7248531c.jpg,11,110,59,21,999,18,1042,94,712,367,448,389,304,391
34492b38.jpg,37,167,188,90,711,79,874,118,436,422,326,421
2379ef58.jpg,5,36,52,12,989,24,1044,68,727,310,585,299,395,248
9c6bde8b.jpg,67,175,104,113,819,121,961,127,982,155,563,385,472,387
d3127543.jpg,0,106,1,60,14,40,818,6,847,18,700,238,347,261,196,264
ce6abadc.jpg,442,144,454,133,939,93,976,135,805,299,740,308,699,301
2e0a1246.jpg,50,112,56,41,856,48,893,130,497,462,391,447
9d6aba0d.jpg,36,143,53,138,878,139,1003,305,941,462,702,478,481,463
06d7be52.jpg,35,186,56,161,916,159,937,198,604,444,435,454
ca38a537.jpg,14,212,35,193,151,186,851,167,1038,193,580,378,422,398,378,393
ca8356b9.jpg,9,54,42,16,972,5,1038,110,752,321,607,344,411,321
4330d0fb.jpg,19,76,38,51,1000,56,1019,121,628,361,350,387
9d23d9ef.jpg,26,140,68,25,1020,23,1040,49,767,321,523,336,227,371
cb8f2b0c.jpg,2,75,170,18,678,17,860,87,576,230,498,255,409,257
22374612.jpg,7,135,82,73,1005,70,1035,102,626,381,511,382,250,370
9d7f50b3.jpg,6,41,33,18,951,21,1019,117,814,335,380,333
7498e803.jpg,57,171,76,114,923,164,944,220,745,426,495,430,315,427
b978e12f.jpg,183,236,286,219,498,331,428,410
8fe14533.jpg,37,28,49,16,642,24,793,293,721,479,468,429,390,394
7b2ab7f3.jpg,19,119,49,44,423,13,345,129,205,153,28,147
0727715c.jpg,10,49,28,32,145,31,492,31,537,33,580,91,443,197,352,197,268,181
43d8b239.jpg,9,38,27,7,881,6,907,61,724,254,450,265,258,255
2ca2a981.jpg,38,244,85,190,1006,191,1020,206,618,420,492,432,287,417
4b6cee90.jpg,7,65,83,9,518,15,542,55,323,173,244,179,170,171
7f670070.jpg,12,95,26,86,688,79,759,136,598,316,512,345,402,308
eeab0f96.jpg,438,269,448,226,571,360,482,371
b8016a88.jpg,94,204,109,187,840,217,903,306,741,478,465,479
0f257eb1.jpg,123,134,200,12,689,31,335,327,216,307
561ab2d0.jpg,145,360,264,189,924,170,937,180,471,455,184,456
6c5b7a1a.jpg,44,256,324,255,930,247,1013,359,871,449,597,428
03f158af.jpg,156,165,173,149,723,107,818,253,691,516,504,483
fc408b0a.jpg,10,31,29,13,1017,10,1040,60,783,232,332,212
227ac6ba.jpg,15,155,57,90,601,103,617,113,289,351,198,364
f6ab48ac.jpg,9,82,174,21,824,17,1021,7,1041,22,804,188,458,211,259,222
cb8f5fc6.jpg,21,98,35,80,975,108,1034,208,812,461,507,465,360,450
840a6b0a.jpg,24,155,67,94,1015,31,1032,60,873,209,146,259
54ed8a83.jpg,6,54,31,9,1021,4,1048,58,633,408,419,402
f72ce832.jpg,32,135,253,7,272,45,220,187,199,198,65,172
bf647ddd.jpg,188,369,357,103,747,29,805,76,433,480,229,514
9e7640b8.jpg,274,375,286,363,402,370,815,417,887,422,901,454,847,499,596,505,436,489
a6d0e8a5.jpg,16,68,41,14,829,18,850,93,642,275,520,297,149,251
3ae0a294.jpg,6,72,213,10,810,15,1034,47,832,158,516,185,217,194
f4662db4.jpg,43,201,88,107,969,59,979,92,710,346,489,376,192,382
9ef8f259.jpg,2,206,24,173,161,171,553,161,679,163,692,181,548,252,386,280,143,278
3f17b088.jpg,8,62,34,3,1015,12,1048,70,976,177,392,236,172,240
997c805c.jpg,347,285,357,273,756,270,766,293,649,389,447,369,579,387
048578f5.jpg,2,74,30,30,1016,21,1041,31,799,248,522,286,216,277
0bd0a563.jpg,17,121,47,83,809,143,822,155,430,362,289,355
cc93d2f1.jpg,9,45,27,28,937,18,958,40,597,239,505,254,414,241
8a445028.jpg,0,64,15,22,963,32,1018,82,861,270,538,291,176,315
0a22ee49.jpg,94,57,100,49,206,52,208,55,151,88,133,88
025c0ecb.jpg,0,220,10,145,868,186,881,229,638,369,311,358,770,351
aa7da60b.jpg,50,74,80,36,801,137,872,245,621,470,467,456
0dbbc244.jpg,39,277,169,122,1017,328,1032,349,758,519,443,516,140,489
cad01d6f.jpg,11,4,1015,5,1048,44,779,164,246,205
3db3a623.jpg,67,202,107,123,848,116,850,158,453,464,358,461
4bc0b1fe.jpg,0,96,38,67,1012,45,1047,58,788,351,297,354
57c48b77.jpg,192,254,256,161,883,196,895,209,670,371,407,383,266,375
968aa714.jpg,84,90,130,11,643,171,652,187,339,383,258,381
d2086afb.jpg,5,40,234,29,831,30,1037,142,946,244,320,214
2e95a8d2.jpg,42,251,77,213,974,222,993,235,775,391,487,414,195,403
61082626.jpg,23,117,81,7,1009,26,1028,59,704,337,498,334,244,327
005c57e7.jpg,63,198,86,170,197,162,616,168,751,185,755,208,580,313,385,320,246,320
22a9606a.jpg,20,145,55,112,1012,8,1036,59,845,309,747,320,240,295,382,300
6e8a2e30.jpg,20,75,41,26,998,26,1026,85,695,315,525,321,405,315
9c25071a.jpg,96,252,122,192,883,198,901,258,765,415,257,436
3597fb8f.jpg,20,154,844,147,969,156,1031,247,680,526,600,540
34a576a7.jpg,67,261,89,198,238,187,809,169,992,149,1004,158,595,456,325,446,504,470
7f3495f3.jpg,236,311,258,285,790,355,694,346,801,374,513,490,460,484
cc965a42.jpg,5,111,46,49,1003,15,1041,78,930,209,560,222,137,222
77d5addd.jpg,11,194,25,158,790,157,674,160,803,212,714,312,179,273
61b971bb.jpg,199,282,240,197,852,193,866,216,645,415,470,442,285,418
722e32f9.jpg,214,301,263,213,890,450,904,470,849,541,312,496,727,542
7b716e01.jpg,118,59,139,27,647,28,845,376,758,595,586,597
8d31db67.jpg,13,254,35,200,994,200,1020,232,718,440,468,480
b70852c2.jpg,10,98,35,60,950,57,1022,121,794,309,556,314
7b4f1867.jpg,7,69,65,15,676,13,706,29,300,242,168,256
0dfa5cd6.jpg,88,207,132,171,585,154,704,226,250,369
341a745e.jpg,79,133,100,97,522,105,536,121,322,266,240,263
1fe58f01.jpg,18,91,74,49,958,47,1027,79,630,371,458,374
6fc67854.jpg,15,165,49,77,1000,17,1046,42,787,434,497,510,213,549
48db6b1c.jpg,2,157,159,10,1030,15,1044,35,452,407,211,424
71890e91.jpg,31,182,163,156,839,160,984,203,649,460,569,474
f6594a32.jpg,53,221,75,144,993,26,1003,77,679,411,494,448,351,449
493c09d4.jpg,20,74,44,45,783,57,804,89,592,199,326,196,211,194
c8793f8c.jpg,7,42,17,13,1030,7,1042,13,551,215,500,226,378,214
94b86b9f.jpg,79,222,119,121,909,100,937,166,551,466,373,465
764be8b6.jpg,6,208,79,17,1025,9,1031,23,376,451,214,437
018722ca.jpg,4,59,59,12,983,13,1043,69,862,261,227,226,559,248
5ca1a8ed.jpg,4,128,30,72,771,72,809,177,775,266,319,354
89f93a9a.jpg,28,214,48,200,960,182,1009,287,802,494,469,513
e5336446.jpg,101,201,157,150,983,155,1012,174,620,320,254,291
e71a9d7d.jpg,8,35,52,6,1014,7,1038,40,932,104,598,128,190,144
56eb1021.jpg,40,411,426,253,751,260,1018,402,482,428,265,447
7f292f4a.jpg,20,143,96,15,991,13,1038,64,786,237,481,280,372,282,140,285
842d96d1.jpg,19,63,493,67,510,141,482,225,254,208
68e728c6.jpg,15,192,13,151,42,134,1021,131,1035,175,733,426,531,422,259,399
e1a0d915.jpg,1,56,38,19,615,9,632,26,541,162,228,165,91,160
10bc0024.jpg,25,56,52,17,991,38,1036,97,890,191,398,169,208,159
ceb77c28.jpg,37,116,214,68,994,41,1010,71,755,245,521,268,301,277
00cf7bd3.jpg,36,145,35,65,100,32,777,39,955,202,824,311,437,300,74,210
ac570b4f.jpg,11,115,62,5,1033,27,1040,40,885,168,410,182,51,191
2c4b238b.jpg,81,127,119,102,890,83,978,407,916,581,495,506
3bffce36.jpg,9,48,45,12,995,42,1029,81,874,226,181,240,491,240
b83067fb.jpg,3,61,33,7,1017,14,1046,55,747,270,501,265,214,264
a1fb2c20.jpg,326,281,336,267,643,280,646,290,482,387,454,387
7a9792d5.jpg,19,105,36,94,947,104,1002,164,716,394,537,389,606,396
86a50202.jpg,26,53,37,41,113,37,376,21,448,17,457,35,323,128
bc3ab818.jpg,13,102,35,82,1004,21,1036,76,704,393,625,402,544,387
039b1c58.jpg,245,109,256,57,663,58,711,191,610,481,440,478
cc41db80.jpg,196,251,219,231,777,146,806,200,665,365,538,386,373,376
5fcdc987.jpg,256,258,421,71,873,111,879,121,489,495,306,498
1247e239.jpg,6,68,30,35,160,22,868,5,1034,19,416,203,330,200
9bdc7d52.jpg,66,271,91,230,206,222,777,217,892,227,925,278,659,437,410,439
4e37d286.jpg,16,129,64,22,1007,109,1047,153,813,313,478,332,287,366
979aaa2d.jpg,27,88,53,63,1010,71,1043,100,789,372,240,243
b8ce9810.jpg,53,119,74,89,657,125,679,157,661,164,375,206,141,203
dbcdd8b1.jpg,54,154,61,123,954,187,995,217,695,465,547,463,269,424
15102f73.jpg,213,217,220,206,734,247,847,259,853,272,561,436,500,431
f4931f24.jpg,11,50,26,37,920,29,956,71,890,175,443,365
d289e8ab.jpg,52,151,77,125,821,165,837,201,685,259,365,270,164,247
830aa828.jpg,180,394,287,376,636,350,725,336,741,361,647,437,540,447,302,441
bb683c53.jpg,148,256,154,243,833,279,842,290,522,466,460,460
34f5280e.jpg,5,32,12,18,237,23,239,30,170,95,54,84
83946269.jpg,17,60,36,49,994,13,1026,97,837,294,433,294,642,308
0820bf9e.jpg,8,119,80,15,1020,8,1040,31,487,461,351,451
a159ccda.jpg,156,826,179,798,1004,855,1031,874,925,1004,290,1005,772,1009
ce4c721f.jpg,242,279,345,216,724,225,849,274,633,367,402,373
9ecb6f18.jpg,20,259,52,225,1014,210,1035,230,788,443,489,457,207,460
feb9ded0.jpg,5,86,47,23,870,9,1025,27,540,420,408,419
00ec0dcd.jpg,14,60,57,26,187,22,868,21,1028,12,1034,34,703,227,601,242,221,198
ecd014f1.jpg,154,387,188,321,774,384,789,410,588,549,443,553,269,521
aac0a65f.jpg,8,65,39,33,951,9,1039,124,838,300,422,278
f999659f.jpg,20,84,190,11,872,21,1041,80,643,178,488,188,216,158
37dcc431.jpg,35,178,77,129,969,120,1016,178,652,450,620,455,410,458
4ff1c46a.jpg,15,37,26,15,588,3,590,25,349,270,263,262
609b9543.jpg,25,43,44,20,964,20,1004,83,779,308,337,305,657,312
77b28c85.jpg,296,313,317,275,691,255,704,274,618,387,351,388
44da97ad.jpg,86,182,108,142,961,142,984,174,640,472,372,454,523,470
4b2151f2.jpg,5,81,21,53,982,161,1019,256,851,455,455,467,280,436
e10d0a58.jpg,8,51,24,29,877,7,914,95,704,341,489,367,304,366
db825cbb.jpg,14,155,97,32,594,15,318,228,254,263,122,318
613cbac6.jpg,106,190,339,54,985,115,1018,140,421,461,243,479
55d92c5c.jpg,44,234,189,73,991,52,1008,123,506,470,379,486,90,485
03f8476f.jpg,9,139,56,8,799,12,946,19,979,25,400,415,335,424
14be1a9e.jpg,11,78,38,18,790,6,815,66,652,404,410,386,189,370
db7c77c9.jpg,89,282,117,256,935,251,967,270,613,545,498,545
3c2fe4b5.jpg,13,165,48,93,999,157,1000,321,211,410
22560395.jpg,24,29,50,6,965,15,1040,209,866,439,587,484,485,449
b27e9470.jpg,29,172,53,157,904,167,958,224,770,355,463,353
214851a2.jpg,28,216,46,185,1000,235,1015,255,941,347,358,335,120,329
c9934c7b.jpg,6,22,26,10,124,7,968,29,1042,198,961,382,533,246
9c055a72.jpg,6,96,66,7,1014,10,1043,40,590,368,388,409
8184b6ee.jpg,41,157,64,62,982,49,995,63,749,378,518,394,281,394
db37d396.jpg,74,165,130,123,924,159,976,270,687,522,547,550,449,507
74043d17.jpg,4,55,35,31,1008,22,1042,101,851,306,543,338,294,295
c60851f9.jpg,13,161,169,154,840,224,1017,315,848,370,415,324
58d7343f.jpg,14,50,44,16,1005,36,1044,65,585,338,420,338
1d5bd8f0.jpg,7,37,20,26,337,11,391,75,330,168,235,192
8a97a03e.jpg,59,241,81,212,927,176,965,218,740,425,729,431,412,426
f255197f.jpg,2,142,3,109,15,102,676,30,682,48,401,346,328,356
5a34ae6c.jpg,90,151,125,82,948,59,968,68,650,320,510,344,300,333
c0a25e74.jpg,21,99,243,69,832,30,1017,37,1028,66,752,280,350,282
3f54e6ce.jpg,14,243,212,50,993,83,1009,103,478,506,422,516,139,462
757ee48d.jpg,4,115,80,20,1029,3,1039,22,752,263,521,289,186,301
900663a3.jpg,20,324,194,173,1012,93,1040,111,609,345,282,398,42,371
2e3d5871.jpg,9,38,30,19,1000,17,1023,50,807,231,519,258,262,244
ff0d2705.jpg,32,186,48,181,931,173,1000,268,870,453,374,429
a07137eb.jpg,2,43,17,21,595,180,671,197,675,317,594,377,536,397
0c6aea15.jpg,19,232,33,218,724,194,847,114,869,152,664,367,365,357
435629c1.jpg,15,112,35,74,993,74,1030,157,831,364,541,339,214,303
0360c040.jpg,3,30,24,5,1031,6,1043,21,585,351,420,352
b52dbf8e.jpg,147,273,185,224,693,180,558,302,406,314,181,328
3e449b91.jpg,43,292,79,241,231,219,801,227,993,222,1020,265,551,515,453,513
87d51fd9.jpg,6,80,50,25,875,16,1014,14,1039,45,582,327,451,333
e449608d.jpg,13,210,47,173,1017,43,1048,86,651,481,452,484
9148b7a3.jpg,4,194,128,136,555,141,689,140,696,153,494,263,342,280,127,269
fa0018fc.jpg,17,261,75,17,732,26,778,123,577,420,392,463,99,490
e5063215.jpg,6,52,23,15,1012,35,1037,78,775,372,546,392,236,331
56ee0398.jpg,47,272,70,241,993,244,1007,284,853,393,149,389
6e3e6631.jpg,39,52,61,35,718,28,756,63,619,251,433,257,225,226
a4d8ca2d.jpg,4,77,43,11,1016,8,1046,38,759,322,496,329,284,341
1382e96f.jpg,14,148,59,130,980,129,1022,188,706,499,538,510,393,498
a19b2e6c.jpg,176,77,188,54,958,3,999,63,852,285,531,281,176,215
bb95262c.jpg,1,74,1,24,15,11,911,24,1042,199,891,417,783,442,619,402
c837a3ef.jpg,48,145,87,112,204,107,809,115,942,110,979,184,601,376,434,392
1d01bbd4.jpg,5,35,44,6,883,7,1048,28,666,171,512,217,237,183
dd6ed8bb.jpg,14,206,36,190,1021,143,863,166,1044,172,614,468,455,465
a219ec7d.jpg,4,183,31,155,1026,132,1042,158,619,408,443,413
65c8a8a1.jpg,103,101,128,87,822,64,939,188,847,387,687,391,712,401
87050167.jpg,7,24,22,8,733,8,749,50,737,93,208,155,131,149
122a9b2c.jpg,13,57,154,20,833,14,1030,6,1038,33,716,228,551,260,413,239
ce8509c7.jpg,11,133,34,116,1021,165,1040,207,699,405,573,422,438,404
64955e7c.jpg,19,154,282,127,772,127,1018,193,616,477,505,480
38464f93.jpg,9,67,41,11,814,20,1034,30,657,294,259,279
7a2b22a6.jpg,2,122,89,87,404,78,536,108,395,234,214,236,509,87
31e9f9e1.jpg,102,223,141,163,902,201,919,246,581,406,310,399
15b876d6.jpg,20,88,63,37,920,62,1027,282,771,381,999,362,391,373
819a871a.jpg,20,57,57,32,945,114,1034,270,970,382,607,388,360,348
84efba34.jpg,230,297,320,167,889,143,905,156,909,185,582,415,324,417
031c75ef.jpg,60,145,80,104,971,154,992,180,567,426,518,446,433,432
24f6e6c4.jpg,42,192,61,172,921,165,996,264,761,467,485,459,724,472
bbf4327a.jpg,244,181,339,143,717,428,442,453
05510761.jpg,3,16,18,5,927,73,956,106,892,191,561,201,338,181
f6fe5bff.jpg,7,78,31,21,959,21,983,37,808,260,116,248,554,259
0aef7efd.jpg,47,211,66,165,740,167,750,217,731,269,57,275
2f28fb00.jpg,8,137,52,94,1004,106,1033,149,614,440,477,465
cd3f2635.jpg,151,124,182,90,676,4,766,341,699,598,490,545
59df0bc1.jpg,99,215,95,131,993,129,1002,162,931,293,356,321,192,306
f255449f.jpg,33,157,46,130,634,124,655,165,468,333,346,335,250,323
659f4061.jpg,9,42,42,3,864,107,1021,122,1030,129,1027,160,833,229,629,230,360,234,268,220
fce89b48.jpg,30,50,60,36,958,21,1000,117,929,245,592,247,234,245
4b5d5d84.jpg,64,136,90,100,963,116,855,115,1017,175,723,400,580,409,461,388
d963ea87.jpg,9,234,55,175,1031,174,1041,205,617,372,337,365
70f6957b.jpg,10,83,52,21,1007,38,1034,122,746,377,289,351
a8a0e648.jpg,78,174,97,160,813,210,928,222,956,279,673,425,555,442,446,423
7391571e.jpg,30,174,68,144,815,162,977,176,1008,218,700,350,541,357,293,312
70b613f0.jpg,4,33,25,7,1026,7,1046,48,833,263,449,262,217,258
07b8b278.jpg,25,56,161,14,793,53,995,59,1026,92,958,147,548,165,325,179,187,171
ac2801ff.jpg,14,113,220,96,804,109,1009,124,1033,139,768,325,573,333,346,306
b7f86dac.jpg,49,218,64,112,997,112,1010,125,319,491
e49623cd.jpg,11,64,34,37,823,7,1013,7,1039,35,668,246,441,240
5d3382ef.jpg,19,243,85,45,1021,63,1021,173,697,470,330,528,163,492
825cdfac.jpg,1,245,1,115,118,107,1018,3,1035,34,550,437,383,437
f0411154.jpg,44,245,134,101,805,93,810,127,512,363,329,380,136,363
50576f5f.jpg,0,52,23,16,193,3,852,3,1011,15,1044,65,873,137,545,154,187,134
2ae84e50.jpg,6,67,63,6,1008,12,1036,78,256,307,693,257
6c9e6557.jpg,30,218,199,215,793,215,892,224,929,262,506,344,307,333,808,318
d24f5d3c.jpg,44,142,69,127,979,108,999,175,653,457,491,451
bd4694ce.jpg,1,381,1,192,30,187,912,246,928,300,899,397,484,408,27,399
4c65a798.jpg,2,189,32,167,1040,7,1047,21,616,433,516,448,1047,68
9aba381a.jpg,10,141,73,22,1000,16,1020,31,658,320,460,338,116,314
480eb68b.jpg,44,212,76,199,949,199,998,220,652,411,552,434,473,415
d925d54c.jpg,2,40,10,32,70,36,313,37,355,67,288,129,236,133,178,123
d8350a63.jpg,34,195,73,158,921,156,1002,246,907,359,501,390,311,374
df66a5be.jpg,0,180,690,83,554,89,63,161,286,267,195,271,273,272
7a60630e.jpg,24,195,207,106,820,99,1026,135,672,319,424,327
a5f54b41.jpg,265,276,270,263,572,261,591,286,455,389,436,387
a6ed653c.jpg,10,179,45,131,1024,97,1035,132,538,435,494,445,407,414
06ab0bdc.jpg,2,56,38,28,1002,3,1041,65,852,261,597,297,272,294
fb45b2fa.jpg,10,60,30,20,200,20,885,16,1000,21,1040,85,741,301,568,312,391,286
433a6400.jpg,27,91,51,77,638,76,885,247,896,499,654,542
7598c6cb.jpg,47,264,96,190,994,193,1012,224,752,396,400,408,174,418
4d5fdfcc.jpg,13,133,26,122,981,120,1035,232,865,441,348,408,562,421
25c45056.jpg,15,235,163,51,668,24,720,148,399,258,83,295,597,27
ac52bde7.jpg,237,260,250,212,796,152,805,164,507,390,419,383
7916c085.jpg,7,161,23,132,872,141,999,135,1039,181,614,460,522,455
e13d0f5e.jpg,116,218,134,203,807,281,828,320,652,410,422,413
eceb69fb.jpg,14,76,46,33,910,12,1035,158,976,279,593,306,515,303
5600a8e9.jpg,61,176,98,165,939,155,963,204,681,475,491,467,325,456
d9aaa155.jpg,18,38,36,11,979,10,1022,118,830,363,621,406,507,411,382,393
417fa931.jpg,2,89,33,22,1020,13,1034,45,545,347,429,357
f363a31e.jpg,13,118,62,77,1004,101,1029,124,611,420,565,419
e0d6b877.jpg,172,17,875,26,908,124,665,397,585,421
a2095252.jpg,232,380,748,338,761,344,774,377,677,398,272,367
f86e1863.jpg,23,88,49,31,978,34,1020,96,545,596,380,563
580acadb.jpg,17,113,66,73,240,79,812,78,996,61,1022,108,620,336,393,334,504,354
1b36d7bb.jpg,15,74,42,20,418,20,425,35,285,156,119,147,61,145
db45be46.jpg,11,53,56,11,1001,9,1030,72,520,404,397,369,623,371
55cb38a4.jpg,1,383,1,158,678,95,946,95,1020,175,312,559,106,548
5d8bf1a1.jpg,12,64,45,27,853,40,1022,35,1038,58,581,232,427,247,368,241
6a2bcbb1.jpg,23,104,40,84,794,208,841,247,600,364,365,359
fd421daf.jpg,20,251,125,23,1014,12,1028,33,586,445,379,450,191,435
cfb80d51.jpg,59,145,67,132,822,137,911,278,828,403,568,414,486,416
2240d494.jpg,51,179,148,10,983,12,1012,47,505,432,283,448
aa28f07b.jpg,92,404,184,225,730,272,883,257,897,284,547,518,455,517,233,533
535a8223.jpg,1,149,207,115,708,121,847,133,861,171,801,260,144,267
5705158b.jpg,12,125,66,27,678,83,685,96,439,277,237,287,107,276
207d12ff.jpg,220,290,290,184,850,203,857,216,571,457,458,434,272,396
a41bc5fa.jpg,22,236,44,216,604,271,327,411
b1d0ebd5.jpg,18,208,45,174,212,171,783,184,1021,200,653,345,345,320
6c1932f6.jpg,93,132,152,25,929,24,944,55,312,446,701,361
70a02704.jpg,9,68,35,7,488,11,497,48,344,216,184,218
5122d0c7.jpg,32,193,60,144,979,181,999,224,597,523,475,525
7f9d8c85.jpg,190,377,218,284,790,31,806,81,553,537,484,547,359,524
2d3967c1.jpg,418,352,429,339,615,339,621,363,539,457,512,460
5507ebb7.jpg,11,107,30,92,652,99,782,107,806,131,480,309,197,210
082d754a.jpg,9,33,25,11,1018,18,1036,54,610,358,461,357,430,349
bbabb460.jpg,10,44,46,12,998,19,1045,95,817,295,559,325,349,314
02608d7a.jpg,16,168,38,123,873,24,918,57,638,396,442,374
f53c5845.jpg,44,28,57,16,896,20,969,151,827,360,548,422,443,386
de3c2de1.jpg,2,251,192,30,1019,2,1043,17,700,298,407,344,29,331
6bcf91e5.jpg,14,65,50,34,223,27,828,25,1017,27,1038,84,546,380,476,375
47ef9b09.jpg,11,78,40,46,1002,41,1025,92,764,266,241,250,396,258
b9cce35d.jpg,10,66,41,42,193,55,1022,158,1033,175,546,275,224,262,918,260
1e1fe67e.jpg,7,35,33,9,225,7,821,8,984,144,818,297,610,310,458,306
210c91fd.jpg,6,18,23,11,993,12,1047,52,708,329,540,328
5ffd3b00.jpg,291,322,303,303,612,292,618,305,483,410,453,415,427,413
1ff3ea5f.jpg,0,368,1,308,623,404,650,478,621,531,538,529,301,495
55bf33f9.jpg,155,32,410,4,452,94,362,253,301,254
1c35a699.jpg,1,52,31,7,1015,13,1037,42,588,327,422,326
d37fe2ad.jpg,22,300,122,172,770,173,1026,204,595,454,358,469,150,463
60b8997f.jpg,3,81,44,15,1015,14,1039,42,546,452,436,452
4e7b614f.jpg,20,172,72,19,1023,13,1041,34,849,312,406,339,85,300
a36b77bf.jpg,33,199,56,187,904,183,966,236,617,509,536,518
265f2af8.jpg,24,171,52,124,823,124,840,149,528,360,409,364,272,361
193ae7a0.jpg,36,323,53,205,1015,188,1037,237,778,482,486,487,133,466
8389019f.jpg,31,126,52,103,930,132,982,190,578,496,489,496
29a2d6f7.jpg,218,381,230,373,822,370,713,375,828,378,555,540,471,539
3bf857ac.jpg,2,89,58,19,994,86,1045,151,798,411,527,407,334,388
0bfb2b72.jpg,13,74,40,16,1023,49,1035,67,777,217,237,226,483,225
91dbaaf8.jpg,71,262,511,106,840,55,834,415,452,409
8f5d9989.jpg,34,433,185,223,924,154,966,204,579,490,432,491,70,519
b36e4765.jpg,5,172,89,9,923,19,939,51,649,335,380,361,91,329
d2918741.jpg,9,40,30,30,975,23,1037,118,760,360,523,326,384,281
f4de1c6d.jpg,21,165,77,107,522,76,329,243,130,270
f506c885.jpg,18,154,41,145,1013,211,1032,271,997,344,429,358,316,357
4b7a10a8.jpg,14,131,56,94,1014,162,1035,181,757,325,470,334,256,323
0e241828.jpg,5,26,36,7,1015,13,1044,31,582,400,472,391
0ee2d16d.jpg,6,42,31,8,833,47,1025,42,1042,57,764,325,286,285
fa161e8b.jpg,22,106,86,15,1000,23,1036,58,799,252,485,319,231,328
a5143f10.jpg,6,25,31,7,1026,8,1036,44,703,308,530,331,383,316
133f368e.jpg,74,73,86,58,959,54,993,95,882,185,648,207,427,214,279,203
fd179440.jpg,6,42,31,17,1029,16,1039,44,687,261,347,248
ad7432f6.jpg,398,292,461,111,1021,14,1043,21,558,380,452,377
5f1b8883.jpg,8,179,24,152,564,165,579,196,427,355,176,355
dc9af714.jpg,231,198,256,169,702,344,600,382,470,384,364,367
6154c6b6.jpg,16,168,49,55,142,54,880,58,1002,51,1020,69,651,370,484,404,335,410
f2c1244f.jpg,33,268,54,173,977,163,1004,228,875,431,147,433
3fb0d64d.jpg,19,97,64,23,1019,21,1031,46,588,565,460,584
2f899d4d.jpg,9,99,43,26,995,14,1035,99,886,275,388,236,152,223
70340a68.jpg,96,171,901,179,925,209,654,363,583,378,523,370
86bf0251.jpg,24,79,61,13,1030,14,1036,27,719,289,517,316,239,295
d982ca00.jpg,11,184,31,178,977,162,1039,206,815,346,420,330,704,353
385db387.jpg,11,107,45,66,999,69,1039,144,665,433
9fe4aaf4.jpg,32,160,161,125,766,43,828,89,755,170,593,178,62,169
c9dd23b9.jpg,36,192,111,63,1036,204,777,322,449,350,127,364,872,183
542468a4.jpg,78,192,132,40,963,29,976,76,740,553,532,585,320,524,442,585
b7e032c9.jpg,8,19,14,11,407,14,427,42,345,124,234,126,160,118
3535398b.jpg,8,60,29,27,1007,16,1031,73,667,365,534,363,366,348
f01d4fa9.jpg,23,309,187,270,938,121,1029,180,885,403,408,378,761,404
65f62206.jpg,58,183,144,23,342,10,326,78,215,147
2a3a1702.jpg,6,169,105,14,1009,13,1045,43,809,228,493,311,364,328,101,340
bd91e244.jpg,73,201,128,72,989,73,992,84,716,395,207,415
f9b36f4b.jpg,39,82,59,61,1007,93,1043,161,848,339,576,375,394,351
4436a6a1.jpg,22,100,106,88,478,99,549,124,456,272,277,263
811b4d67.jpg,38,189,887,181,1003,252,851,452,623,435,454,386
95ae6f54.jpg,35,105,65,67,996,59,1013,89,587,353,463,356,400,347
ec391cfa.jpg,14,47,32,22,857,16,1023,25,1041,51,717,252,557,249,338,255
ec952d00.jpg,89,214,104,196,867,195,913,288,675,544,650,551,500,539
5b9ea96b.jpg,46,144,80,91,996,84,1012,116,779,323,511,331,278,324
d005accf.jpg,60,143,73,119,827,111,848,181,784,294,529,299,122,252
cfb47c92.jpg,2,61,29,26,967,17,1044,133,938,280,343,361
436f8472.jpg,76,249,148,153,1003,233,1029,269,554,499,381,483,525,504
ad8a0b2a.jpg,19,256,39,238,865,233,1030,264,839,364,544,383,406,386,231,360,1012,240
465217a2.jpg,20,155,50,131,1007,140,1020,158,607,334,497,364,349,338
3d8ac55c.jpg,62,199,88,129,804,128,816,193,469,496,396,500
248dd355.jpg,73,233,93,207,254,198,843,166,967,320,913,428,633,432,510,426
5c55f21a.jpg,7,76,37,9,1008,15,1038,69,864,250,529,240,143,219
6c8edb3c.jpg,118,102,754,174,787,210,705,295,531,290,352,267
e86e3b6b.jpg,5,72,190,27,845,15,1016,5,1024,17,649,176,557,201,205,206
8e11da15.jpg,7,88,72,11,833,27,1041,34,1046,61,533,244,364,239,439,245
74e83810.jpg,5,33,45,8,1013,20,1040,42,698,231,222,187,540,216
aefb138a.jpg,64,74,81,50,569,76,583,109,468,204,339,202,182,193
7e058251.jpg,81,249,174,108,921,117,956,141,664,426,204,517
2b00cd74.jpg,222,318,231,237,747,208,771,267,649,478,547,504,358,520
c975ebd0.jpg,38,213,74,170,981,175,1001,196,594,405,359,394
daaf34f5.jpg,9,39,29,21,923,10,1039,168,914,339,578,388,441,358
112d6ce7.jpg,32,218,71,173,916,75,943,114,539,440,447,450
467e4991.jpg,3,142,24,94,643,98,674,140,635,206,126,254,350,237
3aae2e8e.jpg,37,234,64,175,946,156,968,188,716,433,490,444,265,438
28abc90f.jpg,35,148,71,97,992,19,1029,83,723,393,551,410,314,384
3dc50b96.jpg,20,164,97,79,1020,87,226,77,1033,95,565,280,160,291
cba2812e.jpg,26,203,91,147,853,150,883,173,442,430,297,418
492df8b4.jpg,117,85,150,11,865,8,882,78,566,425,445,423
ccc9abf7.jpg,84,256,100,243,764,262,915,277,775,394,301,440
3c055672.jpg,7,185,175,13,1006,29,1039,51,548,331,421,355,41,279
d2bf3e2f.jpg,11,44,38,30,993,23,1030,127,684,414,521,391
9dbc01ee.jpg,9,18,26,5,1009,15,1047,85,1010,145,663,148,234,128
c780d655.jpg,11,53,181,13,892,17,1018,25,1042,44,585,395,480,392
7dc32410.jpg,25,239,35,231,493,264,526,313,459,393,359,411,241,410
b8356f63.jpg,0,46,20,20,1012,3,1046,55,672,387,498,387
8ccd0981.jpg,9,34,26,11,959,9,1036,119,761,376,648,386,548,383
f6000e1a.jpg,6,67,52,14,917,39,1028,61,689,326,494,307,305,275
e4c4bf4e.jpg,120,282,262,196,935,232,960,256,633,338,162,376,406,367
3ee9b8b3.jpg,52,266,199,236,854,199,753,198,911,251,689,422,489,435,599,438
aba04a2d.jpg,75,240,84,215,761,177,794,269,223,471,495,440,740,397,636,422
d2ef8e79.jpg,66,79,107,47,966,51,975,65,484,307,396,307
e3bcf806.jpg,7,41,21,30,1016,11,1030,34,783,277,449,312,303,313
04fa6285.jpg,0,79,27,14,920,21,1036,213,914,451,561,486,484,485
6f3b1c6d.jpg,1,20,26,9,945,51,1036,143,874,373,726,399,534,403
eb0dbe96.jpg,9,82,48,13,1002,4,1041,66,892,258,211,281,630,280
89bd6fd9.jpg,26,72,57,29,969,23,1044,122,823,369,560,372,310,337
32b6748b.jpg,48,277,107,145,994,147,1005,163,600,497,427,495,294,489
33f18b7f.jpg,58,40,226,18,737,27,955,213,927,382,703,402
3f5efcb8.jpg,192,259,593,176,502,185,634,238,457,433,393,440,360,442
56b7d8a9.jpg,77,143,167,15,773,26,837,225,665,402,543,433,383,458
84bf94be.jpg,27,265,272,60,1030,114,829,91,377,343
02e6188b.jpg,1,125,5,91,1012,93,1041,122,555,346,487,347,410,340
02a783c8.jpg,1,25,17,17,255,24,877,25,1014,52,1040,94,654,350,578,367,460,339
02a12b73.jpg,4,81,38,5,1001,31,1041,119,894,239,791,245,434,235,218,191
00b2c0cd.jpg,7,37,84,20,1008,11,1032,42,673,390,425,458
05f4fd87.jpg,28,193,185,130,836,128,993,137,1009,162,841,310,398,339,233,334
00d3d48c.jpg,74,98,92,84,938,116,954,158,862,231,218,227,519,218
02073b87.jpg,15,75,20,44,812,40,825,74,457,350,387,359
06e8a669.jpg,101,235,127,183,939,141,953,172,456,466,567,465
05651187.jpg,4,27,25,11,542,19,578,64,401,230,285,227
0603a403.jpg,43,90,64,40,955,29,981,82,600,551,467,549
0375c878.jpg,43,87,60,60,989,53,1012,139,887,335,456,373,247,354
01228da4.jpg,2,35,34,6,1021,11,1042,75,847,302,526,304,246,292
03f8cf5a.jpg,13,58,20,44,136,44,723,49,732,63,502,200,154,160
02453c9f.jpg,276,356,371,217,840,99,850,108,586,331,454,381,300,411
000466c4.jpg,233,308,243,301,508,307,578,391,561,434,419,413,376,403
068a256b.jpg,20,68,44,31,831,21,844,28,620,179,526,194,324,194,167,176
018f26da.jpg,24,170,31,158,957,158,1027,283,973,394,551,467,354,458,1025,249
0749d9c2.jpg,15,51,61,13,1010,24,1044,57,558,405,418,407
01679a6d.jpg,52,246,185,163,976,128,826,137,1007,177,610,389,462,441,343,438
0595cef3.jpg,130,245,236,140,895,206,901,214,470,456,219,431
03322101.jpg,8,70,47,26,763,11,1042,211,569,312
05562539.jpg,26,154,228,97,850,104,1029,145,734,301,458,321,251,301
0323fcfc.jpg,65,215,117,101,970,152,980,184,668,538,570,552,379,526
06b3fe4d.jpg,0,277,271,175,575,170,998,8,998,331,776,661,395,662,0,573
004a97f3.jpg,9,146,54,69,675,92,682,116,485,287,160,316
0037e7d3.jpg,49,311,65,293,208,288,846,223,878,243,580,464,408,464
0243ca95.jpg,11,112,7,84,101,5,1028,11,1039,26,686,303,519,343,353,333,169,313
05ebc21b.jpg,8,118,55,91,1016,16,1040,40,780,228,245,254
0101d22b.jpg,95,250,139,62,881,63,576,410,337,501
0617f982.jpg,99,244,96,181,107,175,908,205,958,254,955,282,834,403,575,392,396,392
020028b2.jpg,127,428,144,400,589,425,603,441,549,520,385,537,216,527
03d0f974.jpg,12,188,75,6,1018,12,1038,67,398,526,257,543,276,547
01e25788.jpg,14,90,21,27,50,18,1005,14,1032,22,1001,95,794,245,497,257,201,280
04fcc7f0.jpg,13,35,20,2,738,7,858,18,455,397,352,393
06f3cbf8.jpg,7,162,36,126,1009,119,1032,196,658,504,331,494
0512b13b.jpg,16,98,35,19,1027,90,1043,132,750,392,490,390,257,363
00389cd7.jpg,7,207,34,157,1010,143,1037,189,397,503
02af1aa3.jpg,11,54,51,18,880,15,908,48,537,270,314,271
02c8235c.jpg,12,76,12,36,34,22,199,9,909,12,1027,9,1045,21,699,235,509,274,344,261
04867dab.jpg,26,71,42,37,1020,49,1030,60,601,330,470,356,401,340
0025e8c2.jpg,118,240,142,216,847,213,874,251,676,403,502,409,308,378
0237ca7a.jpg,40,231,79,175,992,173,1008,184,515,422,232,385
07860ce9.jpg,3,72,21,60,1015,36,1038,104,674,414,392,405,537,420
03e8e963.jpg,3,69,28,15,1029,14,1035,37,280,321,348,325,800,257
02a66def.jpg,10,97,11,30,28,11,1023,21,1041,40,517,257,216,309,936,212
06ffe77b.jpg,59,50,83,19,802,10,816,84,508,379,417,374
03fbb4cb.jpg,13,71,41,16,1012,24,1039,51,805,326,534,388,337,383
05cc223e.jpg,41,188,50,172,896,232,935,277,748,418,675,432,416,428
042fa04b.jpg,11,63,40,18,902,22,915,44,488,315,343,311
0629271e.jpg,3,121,55,28,1023,10,1047,31,874,214,390,262,88,267
0745ef3f.jpg,7,146,105,9,1007,10,1040,28,560,364,420,412,290,395
04d2b8a3.jpg,27,107,45,102,753,141,787,191,505,371,411,376
0639d07c.jpg,2,24,20,10,1025,8,1041,24,956,146,640,190,115,200
02ed3e6d.jpg,39,60,46,50,503,67,523,111,433,190,218,177
07a2d97d.jpg,14,80,39,12,978,7,1036,105,881,333,591,345,290,370
070e6c95.jpg,13,31,19,24,602,20,620,73,468,226,266,260
01ed89f6.jpg,11,192,109,28,870,57,1032,33,1040,42,261,524
019cd867.jpg,22,210,268,174,902,154,962,152,1021,212,718,419,544,428,487,412
01aaa81a.jpg,397,337,407,328,603,333,645,337,651,343,576,373,474,375
0545526f.jpg,13,117,56,30,993,20,1022,52,852,258,515,331,212,343
047b1d89.jpg,12,111,189,27,863,29,1013,54,1031,91,780,154,599,167,403,167,75,149
0317dee0.jpg,76,172,102,147,705,123,872,317,850,424,579,542
05edf5e5.jpg,162,141,199,62,835,76,883,113,566,419,485,417,881,157
0453720f.jpg,391,320,399,295,745,339,750,365,677,421,539,411,494,403
004c5fb9.jpg,4,163,122,64,974,22,1029,101,714,381,267,363,591,386
0525ae51.jpg,1,422,1,194,1036,13,1049,19,1048,202,540,436,324,437,16,440
04c5ec77.jpg,107,272,325,130,782,92,1018,139,248,375,614,268
024c6d37.jpg,19,197,49,181,255,188,971,161,1032,243,760,430,605,453,497,439
068ddcd9.jpg,3,71,37,19,192,15,811,16,974,16,1037,53,834,182,504,255,290,228
0376d91d.jpg,23,95,52,10,660,26,672,54,586,151,401,182,249,190,97,187
01e37453.jpg,64,333,75,191,128,113,951,113,985,132,968,223,761,448,463,517,122,502
040c1cd4.jpg,7,102,29,10,1025,28,1047,134,906,329,556,539,508,539
04aaf2f9.jpg,210,177,229,111,825,106,854,143,569,437,504,437
05293254.jpg,14,102,73,20,989,9,1032,66,833,279,518,298,123,259
028d2ff2.jpg,63,237,106,201,945,200,981,259,678,457,419,452
04ad14b2.jpg,8,68,217,33,772,13,933,98,661,328,552,329
01cf2e2e.jpg,27,192,56,133,966,132,978,168,731,323,486,358,379,368,303,362
0078af23.jpg,12,153,91,33,990,27,1011,40,460,438,293,447,403,452
00b7de10.jpg,14,35,233,10,28,22,787,18,850,17,1010,28,1030,45,656,266,558,299,522,301,469,260
04e5cc2b.jpg,0,318,22,286,958,291,991,330,600,557,543,574,428,520
04c73b64.jpg,56,406,197,120,973,112,1004,130,631,505,308,527
0014cfdf.jpg,43,180,50,165,630,117,648,140,473,293,278,306
04928fa7.jpg,12,160,37,102,972,103,1019,193,677,548,498,559,418,561
0356c5ed.jpg,256,220,276,183,843,176,850,211,668,277,528,283,287,277
01981e98.jpg,2,129,73,7,1014,13,1041,30,587,394,529,439,412,480
008809b5.jpg,11,60,9,44,40,17,1021,21,1039,27,1040,58,795,301,255,321
0175c4c1.jpg,7,77,24,18,1023,10,1043,36,950,184,530,220,200,258
055b8460.jpg,14,59,36,16,164,14,1009,17,1040,56,739,282,536,290,274,260
0594a048.jpg,30,118,82,19,1027,19,1034,27,708,302,348,285,147,275
0354d93d.jpg,18,32,877,21,1026,243,989,354,797,379,546,366,401,304
01c11eaf.jpg,3,157,412,100,641,76,652,108,303,374,154,381,203,386,1,418
05d10f3f.jpg,11,145,144,122,641,117,760,155,468,274,308,272
06f3adae.jpg,7,189,27,162,923,121,1040,319,956,474,343,445
01d890d8.jpg,78,232,101,205,959,210,987,273,715,523,545,490,325,451
05f7a40d.jpg,16,148,34,102,1017,100,1036,129,905,249,418,312,175,284
0504e8f8.jpg,137,208,149,201,799,197,900,291,864,382,618,431,494,440
03fe05bc.jpg,27,52,62,29,962,38,1020,113,950,208,135,169
04d69405.jpg,10,94,20,71,654,55,669,98,431,269,307,278,276,279
0528bc43.jpg,23,112,52,79,817,115,1019,119,1034,135,520,319,373,335
02558f3a.jpg,227,288,235,250,784,271,802,294,711,360,499,374,426,381
0162c72f.jpg,9,89,82,12,1025,27,1039,41,570,322,429,343,361,333
03933dbb.jpg,7,189,108,97,257,98,1001,27,1025,50,737,423,360,448,123,473
074ceb3f.jpg,3,138,0,104,1002,189,1025,234,690,410,578,429,449,426
06b62519.jpg,27,258,108,21,986,150,1016,173,736,493,348,580,257,593,139,569
06c5c28e.jpg,17,130,69,14,823,13,851,45,648,255,416,276,91,268
03a3593c.jpg,14,163,187,137,787,144,968,211,638,430,541,438
04b88a95.jpg,4,255,179,211,834,171,1040,228,745,383,563,389,426,359
040860f2.jpg,10,76,35,31,1030,35,1046,58,836,221,204,226
03034d4c.jpg,329,315,336,288,721,284,727,297,607,385,466,389
0344cc34.jpg,11,133,35,26,1030,12,1041,34,631,429,415,434
075a3b48.jpg,72,178,204,99,525,102,637,129,266,294,178,281
01496f0b.jpg,34,98,65,36,655,47,670,87,457,289,278,293,191,273
00b588d6.jpg,74,77,88,70,777,141,837,180,801,207,499,190,285,162
06bfa037.jpg,31,147,44,112,925,90,966,131,754,312,512,315,299,296
01be6c48.jpg,152,309,171,302,671,281,720,349,704,420,365,444,268,424
05898b05.jpg,10,77,28,11,659,9,676,60,385,373,315,372
01d4467a.jpg,5,47,36,9,984,4,1045,107,889,278,555,272,247,262,1044,71
0496e682.jpg,15,33,36,15,983,23,1037,65,679,370,481,355
00a29f63.jpg,22,126,62,46,1018,40,1033,83,804,295,542,297,397,305,200,300
00f4c92c.jpg,108,287,122,276,889,275,921,324,712,488,639,498,527,510
008baccf.jpg,19,100,50,41,990,13,1032,55,1029,100,821,291,641,309,119,296
06c0c5b6.jpg,22,203,40,160,1000,92,1027,134,676,380,433,397
06252a55.jpg,21,311,176,204,832,237,1021,271,775,372,534,385,289,400,73,385
00acb5a9.jpg,16,62,31,32,551,54,561,70,423,162,297,188,197,196
056b05e2.jpg,52,338,181,252,787,236,926,236,944,244,668,403,396,436,175,436
074f068b.jpg,28,195,61,175,961,204,1000,247,841,407,343,423,538,435
03b5f4e4.jpg,80,371,98,338,881,170,952,277,911,377,649,399,113,399
05eb989c.jpg,41,115,79,32,998,103,1015,177,931,326,577,328,225,354
00ac0e86.jpg,24,109,49,45,1025,106,1035,144,591,450,446,450
06709a5b.jpg,13,158,36,106,1019,19,1036,38,911,172,537,205,59,223,383,216
079e4dad.jpg,8,179,25,164,829,159,875,177,530,402,438,412
01b83639.jpg,27,54,42,23,511,22,519,67,318,263,293,282,272,276
01f17a15.jpg,29,215,64,182,1005,183,1033,215,713,459,557,465,404,467
00ab018e.jpg,6,32,34,12,866,11,1003,16,1040,79,691,318,555,320,469,304
05500217.jpg,30,144,145,125,177,124,693,119,812,126,838,145,493,368,394,368
066860e3.jpg,19,18,27,5,152,4,155,15,104,82,72,82
024144e5.jpg,36,109,74,55,614,35,623,48,476,212,459,216,123,192
05d402e7.jpg,50,356,210,308,811,325,949,381,632,469,543,473
04dd6cc6.jpg,14,89,77,19,1011,13,1045,32,658,329,566,347,334,349
01ec6749.jpg,348,451,423,341,754,351,678,424,532,446,351,457
048b9040.jpg,10,37,22,8,1024,17,1035,48,652,342,508,343,317,306
0320e985.jpg,21,161,50,137,941,186,1033,257,768,414,571,406,704,414,490,398
00467ae9.jpg,90,155,109,145,894,117,929,207,701,457,303,410
025fd2ea.jpg,20,118,54,110,932,74,1024,125,720,404,576,424,525,417
011904f8.jpg,58,226,92,190,921,234,958,313,840,457,587,441,279,403
00eab0e6.jpg,39,132,67,77,577,74,623,108,418,297,142,278
0035632e.jpg,9,131,65,21,806,23,817,33,392,391,257,363
0252337b.jpg,88,316,105,282,865,377,877,394,800,497,489,518,258,508
00be9148.jpg,40,169,38,121,68,97,948,260,980,282,975,348,765,495,496,478,350,447
05ef7149.jpg,5,56,38,10,769,7,803,32,737,114,457,151,100,165
06654cf5.jpg,248,313,255,305,336,306,622,324,706,358,634,404,506,404,429,383
02d235f7.jpg,1,90,38,24,990,6,1044,58,914,264,368,345,246,342
064d2674.jpg,5,57,44,3,1019,21,1040,66,634,441,426,438
00d6b82e.jpg,11,56,32,27,643,100,676,139,364,337,308,337
057ce740.jpg,33,179,60,126,987,28,995,43,584,352,483,358,302,357
06176b42.jpg,47,129,76,93,1016,96,1033,106,478,430,372,430
07480326.jpg,14,83,27,75,419,71,435,82,286,163,199,162
0444f67e.jpg,104,239,150,143,942,208,956,242,677,439,264,432
036bad0a.jpg,16,114,67,52,666,77,703,152,508,296,377,306,217,296
040d8913.jpg,13,51,168,15,870,50,1013,117,936,136,707,139,365,160
0504d072.jpg,94,25,99,17,948,23,965,80,690,505,532,505
040898fc.jpg,14,41,52,7,982,81,1044,138,948,230,185,188
03fb2408.jpg,111,95,841,172,897,268,826,355,363,288,595,329
00087b01.jpg,1,63,80,8,1010,20,1040,28,473,365,315,366
021dc6ac.jpg,240,418,250,405,368,410,744,406,816,409,829,422,717,484,547,493,364,479
06ed0f2e.jpg,21,262,60,223,1012,232,1044,268,763,498,502,516,364,507
063acadc.jpg,28,159,86,17,842,28,863,38,655,283,348,305,97,304
00af84d8.jpg,7,194,20,178,677,187,695,207,466,349,387,354,297,350
03c696a6.jpg,6,152,85,15,1022,6,1045,46,524,438,335,438
02ea0810.jpg,54,253,79,178,974,177,997,202,545,461,393,469,323,455
0091c92b.jpg,242,293,296,234,812,231,817,245,548,388,493,407,383,399
06bdc5d1.jpg,50,114,106,98,682,64,966,289,953,329,457,357,539,356
0031c258.jpg,2,29,995,14,1037,98,694,415,457,436,426,432,26,22
01321d88.jpg,13,134,8,66,46,13,1016,8,1041,33,668,397,513,402,276,396
04ce734a.jpg,62,253,109,178,934,220,949,231,652,436,413,450,272,450
04b3714e.jpg,15,31,42,17,1014,21,1041,54,625,362,385,325
0365b421.jpg,28,250,61,189,998,191,1023,227,677,422,480,414,241,406
01e490cf.jpg,24,137,13,84,35,68,954,106,963,207,613,491,546,512,523,497
035ab2b4.jpg,8,49,48,17,254,20,825,14,1027,13,1040,54,622,287,531,286,445,263
